35.216220	-0.516351	647.130171
23.635782	-3.159273	2644.583606
3.906356	-4.625194	287.749958
15.751855	-7.100720	35.588508
0.820499	-4.316766	31.753331
9.545038	-1.329375	3800.557028
9.068539	-2.507094	3839.006457
40.988189	-1.983579	677.646328
29.903079	-2.208237	2078.793735
4.705627	-4.860507	327.096166
4.948120	-7.048297	32.003426
4.335467	-4.519673	428.789419
2.068274	-5.657132	16.625353
6.651881	-5.362644	218.422896
6.284333	-7.398759	32.628520
2.162253	-2.271516	1906.777046
4.514702	-6.118589	65.678054
5.682362	-6.940771	41.447075
5.458316	-5.448105	167.061946
8.471716	-7.132625	29.833484
5.647577	-6.123224	85.259753
6.397701	-6.875958	45.118417
4.299297	-6.544255	36.261303
5.456679	-4.688062	467.909859
5.073977	-5.557625	129.894142
5.720230	-5.750612	124.572060
3.576298	-5.879917	49.605193
5.799991	-7.434898	32.833028
4.966308	-6.047125	82.611546
4.551046	-7.785950	23.425636
4.698518	-5.294144	159.519849
4.998979	-4.114878	787.786371
5.277993	-6.310217	67.130376
6.224506	-4.721828	467.106350
3.743726	-5.096644	131.197020
5.279444	-6.768219	43.922287
6.008436	-6.669519	51.481567
6.253093	-5.384605	208.633746
6.354715	-4.058197	891.067902
4.516106	-6.968292	28.864649
5.453961	-7.748451	28.415024
10.040178	-7.154674	41.225176
6.071392	-4.399061	666.781039
2.337333	-4.712145	81.697736
4.315307	-5.631660	96.255455
6.885763	-5.748169	145.447552
5.005008	-7.534401	27.182733
4.239660	-7.454396	21.615409
6.224082	-3.748792	1374.997240
5.081703	-4.592462	496.948904
4.388238	-3.599899	1440.545699
4.559807	-4.039519	816.105911
5.625243	-5.062401	288.553034
5.627572	-4.020225	1030.677587
5.326744	-3.497340	1593.221383
3.307252	-5.180077	91.408053
6.051487	-5.048190	305.201389
5.729810	-4.351083	690.827081
6.088763	-5.701324	136.577199
6.819109	-4.980423	342.340777
7.489480	-5.272326	244.204299
5.271717	-3.879620	1110.949199
6.593339	-4.676022	494.832865
5.338124	-2.735933	1979.893378
5.838521	-3.758797	1350.483490
5.689429	-3.448021	1655.486600
6.247108	-6.045261	98.180326
6.645319	-6.114068	93.085045
6.642224	-3.067707	2356.010804
5.116963	-3.173008	1949.307550
3.708551	-1.148911	1103.051843
4.681701	-3.165891	1964.754947
5.975102	-6.309974	75.186366
6.762579	-6.585220	57.277731
7.916226	-5.222156	258.107218
7.395674	-4.515910	596.797677
3.946670	-3.512237	1498.814143
3.032531	-4.884678	114.069700
7.556589	-2.782260	2689.836164
7.369629	-1.364196	2607.621107
6.299209	-3.346071	1944.933947
5.904602	-3.158832	1944.934368
6.044679	-2.336348	2072.732028
5.763078	-2.771076	2065.903989
6.529218	-2.445740	2411.595476
4.989592	-1.635092	1504.633674
0.509160	-5.863273	3.091648
2.257563	-3.644874	383.663504
7.552300	-6.422762	63.120273
7.971347	-2.966069	2486.260864
3.608476	-3.798883	906.525268
2.819999	-4.138401	295.609119
7.705230	-1.853626	2996.789177
0.449604	-0.727268	567.569888
0.510741	-2.207932	105.114559
1.736428	-3.476994	246.738787
3.126653	-4.430448	241.069252
1.936663	-4.817269	47.598740
0.473044	-4.136204	31.339857
3.783143	-3.015328	2078.754422
1.834205	-4.098658	120.716100
2.838093	-5.800184	28.798173
3.108964	-2.721166	2430.938244
6.884096	-1.524069	2400.481945
5.152386	-2.372704	1752.946299
2.542496	-2.288951	2379.156882
4.162630	-1.314461	1341.415162
4.037072	-2.644417	2273.902875
3.229012	-3.510389	1077.615710
2.173441	-7.356883	1.800099
2.514663	-3.072089	1047.446610
2.877886	-3.673856	609.181814
3.564004	-4.254398	402.993526
2.577661	-3.460570	643.705124
2.442844	-4.280455	170.237446
3.344743	-3.040872	1992.644197
1.352325	-4.533026	40.455690
3.903973	-2.162551	1978.462570
2.020427	-3.396485	423.661332
1.770761	-5.295077	21.462035
2.151732	-3.051250	775.949615
1.115498	-4.911181	21.990663
2.180633	-4.000215	200.304502
0.539375	-1.718262	144.669641
0.462525	-3.722646	50.124279
1.961060	-2.730375	943.333336
1.627136	-3.823826	141.524886
5.786336	-1.848198	1730.491436
0.839437	-3.382675	81.159852
1.272630	-3.867234	94.625630
1.695745	-4.484022	61.520808
1.153939	-3.472869	122.628090
1.465613	-3.224316	246.775321
3.548075	-6.290945	28.263126
0.786054	-4.793200	21.234952
1.136278	-4.191071	49.334074
4.494063	-2.707317	2122.912836
0.204812	-1.393935	168.838581
1.473981	-1.992217	1049.093013
1.558940	-2.822933	484.230814
2.620367	-5.024320	66.791254
1.288609	-2.439698	452.494427
3.480077	-7.778262	11.002816
0.537561	-7.822020	0.047664
6.880245	-2.104884	2592.446466
7.112806	-3.218395	2270.985860
4.743586	-2.351205	1783.781774
0.345483	-2.983469	69.263187
4.246693	-1.801031	1514.194944
4.507354	-0.995916	1641.471103
3.198931	-2.284473	2419.334588
3.275527	-0.326249	692.759198
4.449623	-0.504116	901.042802
2.689492	-1.154154	814.320604
1.945506	-1.916593	1630.484070
1.341281	-1.514074	1002.830427
2.086051	-0.809962	498.940943
2.017884	-1.504365	1162.019642
1.656231	-1.232861	920.470877
0.244792	-0.333333	6264.356693
2.936281	-1.533327	1344.635566
1.719481	-0.874625	534.596932
3.659383	-0.594585	825.173210
2.266603	-1.204353	724.363485
2.524545	-0.245869	603.703369
1.559552	-0.498177	491.843761
1.849493	-0.187645	680.682937
2.862572	-0.572118	650.200833
2.170914	-0.433514	510.524970
6.511231	-1.175063	1879.581310
5.253391	-0.891044	1794.480118
7.437034	-2.290716	2927.014969
7.528826	-0.954058	2263.658312
8.161520	-5.561961	172.870290
9.300530	-2.754815	3503.413343
6.205327	-0.261502	856.627981
8.062153	-0.443317	1405.484547
5.830380	-0.453552	839.314156
0.722395	-2.976831	92.648874
0.169304	-3.433198	55.361299
0.887653	-2.534627	155.014493
0.176178	-2.550271	73.620598
4.951694	-1.190793	1882.548030
5.679410	-0.916766	1559.716959
0.983809	-1.362127	648.148626
4.055731	-0.268336	751.662251
1.178809	-0.310532	1452.520734
0.894038	-0.704467	1103.035852
5.500054	-0.192051	829.053381
4.800142	-0.235780	729.927276
5.974318	-1.333295	1843.538089
6.591269	-0.566483	1159.740339
6.995317	-0.304981	1007.912560
5.159570	-0.427830	1376.024227
3.215971	-5.628404	50.719360
3.929279	-5.543891	85.507216
2.517209	-5.491499	31.761231
1.990221	-6.106444	6.780669
0.250384	-6.430725	1.146278
3.845953	-6.596398	26.060707
3.658460	-7.012748	17.602914
2.353883	-6.485838	6.478043
2.752820	-6.345211	14.839440
1.231668	-6.265860	2.059594
2.165240	-6.860503	2.743738
1.293017	-5.339984	12.541465
1.708760	-7.490846	0.638763
1.639749	-6.338754	2.919715
0.972838	-6.643505	0.744113
1.034135	-5.805972	4.250161
1.146409	-7.002169	0.455700
0.516530	-6.751070	0.477817
0.204228	-7.488687	0.052501
1.732912	-6.764179	1.830099
0.894329	-7.265087	0.181656
8.401099	-2.832865	2801.085522
8.004266	-5.912843	110.878992
2.704234	-2.768650	2059.148984
3.514680	-2.032687	1986.217491
3.403321	-1.505616	1374.736423
2.821257	-2.013189	2219.896766
4.629315	-1.926784	1520.204163
0.258775	-5.432548	6.427294
5.318997	-1.919697	1565.295488
7.291458	-3.700168	1460.257631
7.989287	-3.418417	1845.446844
6.685741	-4.229717	744.025054
8.827818	-4.501484	582.952942
7.230411	-4.926307	369.811626
7.076774	-4.123721	888.773414
7.312060	-5.711967	153.109114
8.119761	-4.812631	406.432072
7.581554	-6.012679	101.622731
8.082918	-6.962676	34.429613
7.200630	-6.723061	47.040819
7.777205	-7.235451	27.904900
7.113034	-7.536835	24.720724
7.331120	-7.151876	30.879450
8.237371	-6.259635	78.868998
8.764614	-5.172934	295.336171
10.967292	-3.797723	1839.790004
6.604970	-7.712311	25.973388
7.988503	-6.578800	54.741110
7.508064	-7.824524	21.602099
7.892452	-7.620411	22.457419
9.531672	-7.787716	25.254109
9.222312	-7.144646	33.655525
8.491271	-7.580877	22.937828
8.773550	-7.784990	22.419893
8.217721	-7.795887	21.351787
9.138555	-7.572706	25.128911
8.837751	-6.908678	38.276268
9.653622	-6.494549	68.865373
11.634587	-7.488008	51.216632
8.884191	-6.510284	62.326303
10.846783	-4.857408	526.706734
10.111289	-6.232511	96.422745
9.638672	-6.929950	44.524127
9.223569	-5.900853	119.326673
10.016934	-7.584380	31.666325
10.523160	-6.486070	79.129463
11.291390	-6.748291	83.239752
9.001039	-3.359434	2084.940879
10.045081	-5.779435	169.290015
9.119926	-5.085053	346.144467
8.001100	-4.076429	1038.491956
9.118178	-3.813440	1431.217016
7.753180	-3.716381	1434.677738
8.622566	-3.264180	2181.584518
7.858277	-4.452404	636.781950
8.354343	-3.542092	1712.014466
8.768730	-4.110680	1002.434630
8.507175	-2.043545	3733.875876
8.525198	-4.806425	412.184808
8.383368	-3.934585	1216.553016
8.604470	-5.518945	183.038703
9.179481	-4.679300	482.695683
8.810567	-5.844411	121.309781
9.527282	-5.631475	179.819716
10.116823	-5.024526	409.259967
9.555341	-3.884810	1400.111558
8.600722	-6.234218	83.387444
9.283701	-6.310852	79.248291
9.747268	-4.266706	908.497103
9.640070	-3.232828	2702.994204
10.427977	-4.684240	594.599393
8.746790	-1.044697	3448.890792
10.216713	-3.492923	2278.401215
9.790907	-3.548695	2073.517281
9.544632	-4.609524	562.301473
10.499492	-3.849782	1629.833758
9.751823	-4.970553	405.492792
10.265612	-4.287449	965.198378
9.449865	-5.252407	292.212236
10.332664	-5.454340	284.393395
11.154689	-6.070597	147.236129
11.133243	-5.654061	248.387899
10.786683	-5.390377	334.736743
11.210379	-3.340892	2634.034786
12.308293	-5.689818	225.397470
11.745467	-3.425703	2355.492582
10.248259	-3.075115	3228.791538
9.287366	-3.114937	2759.826331
9.876467	-2.947258	3289.089854
9.803135	-2.364709	4254.635788
9.931030	-0.202091	2989.306381
7.716556	-0.200370	2530.587193
12.252864	-4.177460	1136.015768
11.337054	-2.466531	3842.433164
7.978065	-0.892023	1893.550101
7.368123	-0.505351	2166.139422
8.273754	-1.207278	2844.164822
9.068397	-1.383238	3699.141752
8.160117	-1.758743	3337.959601
8.423722	-0.242946	3651.400016
10.317280	-0.465077	3378.957011
9.749644	-1.723933	4095.634265
9.751572	-0.949979	3715.115166
11.023905	-2.906807	3683.018583
8.812671	-0.529072	3797.773314
3.102475	-6.584459	17.745888
2.555303	-7.655426	3.648963
3.035381	-7.433688	8.027904
0.961517	-7.611409	0.107728
0.470374	-7.142365	0.150464
1.423956	-7.789389	0.213412
1.498402	-7.049948	0.789470
0.179823	-4.513422	20.404007
0.438599	-4.945971	13.915280
10.932416	-6.385566	98.524938
11.259746	-7.093882	59.332546
15.126409	-5.909868	175.680601
11.960058	-6.698458	93.867925
11.331259	-4.168854	1302.930366
11.824286	-3.919152	1556.431631
11.719213	-4.969270	543.207244
14.059458	-4.505161	905.100388
12.036960	-3.065360	2878.449767
10.549347	-2.799328	3990.794773
12.209708	-4.752694	683.992900
13.711228	-4.130774	1127.761151
11.815020	-2.540273	3461.058418
10.674622	-2.035564	4136.466828
12.776696	-3.929517	1311.017795
13.935892	-2.534119	3232.277918
13.117992	-2.737136	2881.916787
14.736908	-5.137633	573.054571
12.696692	-2.705675	2982.552266
11.099679	-2.028508	3811.549905
12.443022	-0.531687	3539.977189
9.548204	-2.066908	4247.562651
12.269017	-0.941173	3055.821125
10.667499	-0.262987	4620.578633
10.437439	-2.366107	4324.965832
10.524037	-1.273494	3481.561928
10.403050	-1.686374	3983.451865
10.103869	-2.235838	4374.835418
10.082077	-1.818312	4176.431481
9.217620	-2.119733	4098.628697
9.704543	-2.665255	3783.413399
8.942419	-1.830621	3948.566907
8.601596	-2.496768	3552.107352
11.632820	-1.498666	2866.459930
11.166451	-0.896890	2928.214055
9.201448	-0.286125	3556.815925
10.238456	-0.926840	3443.998130
9.585604	-0.488216	3907.202559
11.643215	-5.446625	311.475119
11.065571	-0.476521	2997.758455
11.269342	-4.643737	732.504907
12.540901	-5.979800	181.289019
13.214510	-4.280947	970.635847
12.597355	-5.481398	286.082038
11.770678	-0.405899	3062.292679
12.474342	-6.294001	126.694141
13.124657	-4.850353	604.023488
12.643688	-5.074157	496.716377
13.518538	-5.124660	452.388560
13.572467	-5.627888	268.523701
13.956621	-4.929643	562.676910
12.814905	-6.633419	93.119845
12.402378	-1.372395	3451.608664
15.620825	-4.631313	1325.232697
15.651733	-5.197697	722.567866
13.018555	-0.154419	2070.509539
12.893103	-7.466296	47.580040
13.227705	-5.909349	175.940173
11.252602	-1.637924	3241.108085
14.803546	-4.681820	978.093699
14.092630	-5.715742	245.517865
13.688641	-3.241994	2125.138747
14.576760	-2.570243	3074.495305
13.988741	-1.074870	5641.024109
3.835358	-7.446708	15.878441
3.191816	-6.999728	13.499042
11.967173	-5.736803	220.898784
10.886120	-7.612045	41.966843
14.530964	-6.743294	60.944196
12.829963	-5.771381	208.792723
11.853446	-6.102048	151.974382
12.128008	-6.369264	121.717090
11.550934	-6.228406	130.720110
11.603900	-6.610127	100.484470
12.051257	-7.456072	53.798927
12.173250	-7.014193	68.533854
14.148280	-6.505337	78.700711
12.681762	-7.024417	65.785014
13.408909	-7.682850	38.522051
12.484194	-7.783446	47.909057
13.279205	-6.457187	99.924206
11.413697	-0.213534	4505.546532
10.948532	-1.232100	3215.183975
12.132626	-2.177093	3405.783437
11.585364	-1.043389	2611.116890
11.841465	-0.815385	2606.501799
12.865014	-0.493741	3005.349616
12.022280	-1.701884	3088.069330
12.868854	-1.577617	4021.357434
12.106980	-0.192365	3916.157740
12.565699	-2.320605	3372.696084
12.921829	-2.050618	3716.454121
12.485558	-3.087249	2625.251384
13.278713	-2.343188	3480.227753
12.835020	-3.434828	2007.007340
13.259570	-3.157087	2304.634651
13.988092	-2.897035	2613.523906
13.508139	-0.154419	2437.822451
14.621669	-3.257045	2266.145036
14.615838	-0.477514	3832.860962
14.629307	-3.995996	1539.655580
13.901143	-3.679009	1627.859222
14.301828	-5.273848	432.797223
14.471302	-4.393553	1123.194084
14.734518	-6.110891	120.829386
15.168408	-5.459296	429.216727
16.448544	-4.597418	1867.760906
15.876754	-2.726092	2972.982518
16.738917	-2.201228	3413.414338
15.014641	-2.429438	3239.500862
10.844612	-7.217920	50.538068
11.400857	-7.815381	44.785628
10.466999	-6.972832	54.050043
10.485262	-7.796664	34.449549
13.227646	-0.858357	3677.442664
13.876492	-1.839846	4530.487071
14.414885	-2.935257	2611.285250
14.300946	-2.346512	3458.737313
14.407377	-3.655839	1794.310262
15.313797	-1.202622	4814.816198
14.306717	-1.953687	4236.678236
13.643109	-2.261511	3710.056881
15.091017	-2.004607	4213.550874
14.472489	-0.972005	5698.017987
15.093789	-4.004765	1730.609191
15.344183	-3.631599	2315.200347
15.093993	-3.224036	2471.503669
16.090694	-3.159982	2842.012465
15.204138	-4.437099	1355.932161
15.325090	-2.761442	2853.605762
16.072530	-3.928723	2592.931396
15.789220	-3.602895	2642.236453
16.814631	-3.969481	2882.139573
16.528122	-3.285271	2890.380648
16.191704	-5.420863	592.896739
13.814055	-0.370181	3841.997514
16.960239	-3.092031	2824.098209
16.152644	-2.285200	3651.961449
14.658906	-1.752587	4622.210876
15.490553	-1.687382	4695.426724
16.069112	-0.360263	2969.086208
14.782590	-1.285789	5309.367388
15.776251	-0.172405	3507.067212
15.044297	-0.261751	3640.129879
15.469255	-7.791022	21.450704
15.938777	-1.777496	4542.779864
15.541738	-0.845480	3952.085190
15.453670	-6.243836	107.067696
13.230729	-1.318647	4578.843976
16.034893	-4.376256	1975.972695
22.690425	-2.349966	2280.379161
19.619142	-2.221124	1740.328475
15.880355	-7.543886	23.520115
16.792333	-4.366742	2378.800035
14.259041	-0.215762	2309.936160
16.552768	-6.916030	44.467452
13.687104	-0.734797	4422.925790
13.730504	-1.473815	5128.060578
16.508478	-3.752624	2895.335124
17.214941	-3.842805	2999.451113
16.574447	-5.075641	1169.116984
18.770391	-0.188981	1904.067674
17.099075	-2.568728	2702.780930
16.859056	-1.635453	4521.019675
17.657366	-2.455590	2263.738900
16.371879	-1.384237	4964.959087
17.264275	-1.421202	4079.031270
16.449111	-0.187859	2930.123735
18.592393	-2.348868	1788.927987
17.822441	-0.868045	3710.923833
16.334872	-0.952435	4299.597096
17.113504	-0.528242	2650.727483
15.398673	-0.434156	3540.565625
15.967386	-0.771587	3784.251855
17.702501	-1.608136	3607.734020
16.681390	-0.541111	3103.148223
18.012763	-1.233241	4024.169051
18.619388	-1.624710	2965.806162
19.229936	-0.432078	2452.252726
17.370809	-0.174990	3302.464934
17.359008	-0.933653	3545.257839
17.082627	-4.522617	2182.707255
18.066521	-0.462635	2811.352261
19.677169	-4.437448	1817.716032
14.298966	-6.067437	131.081934
15.195656	-6.602024	69.447433
13.722088	-6.725506	65.551739
14.825924	-6.507871	78.934286
14.595217	-7.095320	38.742144
17.506347	-7.807046	18.764754
13.802462	-7.343617	39.849986
14.292907	-7.475473	31.959480
19.298387	-4.645351	1631.850656
15.309733	-6.967702	41.842383
14.566021	-7.814707	25.492825
19.069364	-1.663731	2802.956163
15.035276	-7.605729	24.926769
15.004254	-7.225575	33.067727
17.142095	-5.990966	191.923581
17.199926	-7.485041	23.503629
15.900746	-6.303664	103.975514
16.400683	-7.752864	21.263058
16.299730	-5.944766	208.283144
17.925629	-7.155918	28.170737
16.084855	-6.794870	52.759817
16.772998	-6.139633	143.617999
17.469440	-6.356566	125.586925
17.235116	-5.355212	851.132667
20.109775	-6.978852	29.492073
17.130965	-4.806847	1668.700857
17.474837	-7.048578	33.703367
17.538369	-5.097121	1176.649993
19.731156	-7.573075	16.921704
17.851083	-6.210495	158.444309
18.300048	-6.901772	40.387654
18.644206	-3.901978	2701.444340
17.973635	-7.592381	19.073157
17.304167	-6.698057	66.107960
17.860392	-0.174990	3150.910013
18.105422	-3.810390	2937.497370
19.344102	-5.732005	326.216577
19.668072	-7.110942	25.369142
18.404788	-7.785334	15.895624
18.682148	-6.193925	142.222540
18.847912	-7.564871	17.363992
18.791177	-7.117771	28.432335
19.349374	-7.779536	14.902638
19.229554	-6.870304	38.508001
20.901255	-5.189467	516.748226
20.956382	-7.374688	20.676594
19.162160	-6.421338	93.763886
18.258413	-6.426891	95.608973
19.933625	-6.172915	131.751212
21.363222	-7.727242	16.646918
18.478560	-4.801402	1521.069908
21.807260	-7.500594	18.537604
19.905916	-5.405513	440.558319
19.493459	-6.126618	157.969306
20.256782	-7.793539	15.850304
17.849230	-3.351559	2675.675615
20.126133	-5.791926	244.149125
19.016072	-5.636704	423.863934
21.058779	-6.820494	38.089482
19.882032	-1.343722	3297.887705
21.235091	-5.464840	340.807131
20.192544	-5.099647	659.625812
22.732953	-5.383518	292.459583
20.443121	-4.389881	1705.331263
20.123437	-4.705137	1360.232613
18.967709	-5.276404	690.716950
22.593795	-7.421063	20.228727
21.204487	-5.873283	168.610251
21.465723	-4.841369	798.618731
19.549491	-2.664234	1623.106080
19.528608	-3.548145	2186.091630
18.844575	-3.002364	1812.131211
20.844329	-4.459780	1477.178077
19.777677	-3.954863	2177.049363
21.538177	-6.664363	45.566780
20.308154	-1.003599	2888.473920
19.792936	-3.041652	1802.315731
18.464176	-2.785938	1788.414317
20.503340	-3.580055	2088.312495
21.168011	-2.815585	1842.532967
17.340906	-3.432708	2906.239529
18.993609	-3.478303	2297.473068
17.342011	-4.389061	2401.156508
18.079096	-4.770977	1621.189517
17.834185	-4.155243	2770.691287
18.810384	-4.434222	2075.693320
16.966575	-5.129194	1221.454211
17.544395	-4.598316	2096.600376
17.320110	-5.676894	388.806142
17.428301	-4.830257	1635.894476
17.798197	-5.789411	338.876307
18.685417	-5.803904	329.641346
17.870527	-5.134105	1085.716793
18.045361	-5.504713	609.181187
17.863031	-4.502051	2189.774007
17.452028	-4.106510	2821.378998
18.640334	-5.184956	863.184445
18.415704	-5.525139	567.329333
19.564052	-5.391888	505.378036
19.293938	-5.103979	849.380652
16.841928	-6.619690	73.615332
16.740096	-7.430859	25.682083
18.662039	-0.893525	3394.750345
18.486937	-0.476625	2366.487928
19.160246	-0.848977	3469.068694
18.431945	-1.244731	3770.963790
19.380128	-1.239204	3503.631849
19.984031	-1.945424	2011.759897
19.553294	-0.243097	1424.883828
18.380341	-2.013701	2269.971232
18.968455	-2.340094	1690.600436
20.290144	-3.082990	1833.716838
20.894786	-1.740373	2329.253489
17.882637	-2.008616	2591.148805
20.042878	-0.243097	1773.060013
18.026853	-2.897745	2078.566072
20.220972	-6.562180	61.894075
20.495776	-7.440985	19.419170
21.943975	-5.410816	311.489293
22.358527	-6.106636	107.037509
20.709370	-6.470119	66.985386
23.564262	-6.210630	91.777357
22.518035	-6.542959	57.739345
21.590815	-6.164809	103.210736
22.996935	-7.447152	20.411200
21.879818	-6.991909	28.090762
23.184742	-6.709988	45.975472
23.302620	-5.962868	124.565219
22.701755	-5.840498	147.170124
22.256538	-7.773352	17.002599
22.343436	-6.912378	30.495137
24.977547	-6.618481	49.370061
25.838418	-6.503669	49.365486
22.344616	-5.130081	445.746363
21.989084	-5.930392	148.427324
24.477215	-6.027246	121.314294
21.730940	-3.940219	1849.802582
21.970871	-4.511996	1273.802345
21.640513	-4.559866	1224.374594
22.344061	-4.021846	1763.840621
21.467056	-4.185762	1658.319328
23.453246	-5.575619	205.366007
21.524962	-2.424011	1968.616680
21.105879	-4.105101	1804.917073
21.030716	-4.821944	872.352863
20.952810	-3.669821	2067.569796
20.255201	-3.945435	2092.740417
20.574761	-5.308982	447.625865
21.576310	-5.236791	441.444884
21.707365	-3.509720	2094.433353
21.290413	-3.319984	2066.744715
20.506548	-5.733535	248.231865
20.802439	-6.022462	140.373541
22.176624	-2.911020	2143.426327
20.617213	-2.668357	1762.289270
25.451665	-6.829129	35.907614
23.305512	-7.799441	17.897772
25.444174	-5.755062	176.795545
23.746937	-7.527649	19.573117
23.177103	-3.829596	2166.084469
20.365523	-0.482181	1429.425586
21.970716	-2.512642	2058.237978
20.480557	-2.126120	1954.241175
23.810322	-6.819671	41.703414
22.895943	-3.070542	2398.583971
22.324204	-2.139615	2290.609269
24.161634	-6.682161	49.872365
22.308138	-0.478110	1278.099990
22.268913	-1.636488	2881.841480
21.388393	-1.891036	2387.106012
21.778856	-1.476540	2626.405361
22.664660	-0.794431	1930.067028
21.614873	-0.208984	853.614515
22.678779	-1.280730	2926.449775
20.885145	-0.239084	996.369840
20.824383	-1.219554	2807.965894
21.660616	-1.013444	2024.613367
24.564961	-6.929821	36.241715
21.203143	-0.448068	1113.345924
21.199750	-0.907121	2098.485907
21.908801	-0.554392	1132.641984
24.446673	-3.608826	2459.938106
24.191425	-7.728207	17.981050
24.177157	-6.227164	87.881875
24.626346	-7.448806	21.313610
25.097184	-5.818088	164.584337
25.153671	-7.720599	18.684639
25.566404	-7.412261	20.524315
25.781410	-6.022000	110.011286
23.608654	-3.644202	2490.485228
19.206379	-2.043949	1899.743716
19.136129	-2.694787	1631.703643
22.312914	-4.703090	959.432396
24.933964	-5.016662	471.311767
23.037971	-2.228368	2473.977355
26.050354	-4.220589	1290.487093
26.679978	-6.312905	46.284425
26.328660	-6.691555	31.879598
29.008889	-6.687309	4.125522
26.100233	-7.691662	15.579941
27.861451	-0.785827	2636.508865
26.475736	-7.296416	14.706499
26.140248	-5.726468	151.014617
27.272001	-7.734950	3.174609
27.456807	-6.048971	43.412669
25.995552	-5.315571	283.446388
24.152558	-4.992113	599.464475
26.548574	-5.829487	108.393392
25.590056	-5.322436	297.641510
27.907738	-6.252568	25.162220
31.599421	-5.857269	64.721833
25.357301	-4.933190	512.018847
24.819729	-5.468935	254.201150
23.684597	-2.335300	2688.293823
27.753435	-5.259106	173.780973
26.215463	-4.933321	475.794244
26.716481	-4.950231	421.629458
24.469323	-5.613945	207.463038
24.874279	-6.170903	99.565467
25.312676	-3.883059	2130.352552
24.800901	-3.964242	2090.850774
24.121396	-5.397428	287.197325
23.002939	-6.072862	104.643081
24.566843	-4.358210	1401.658447
23.031851	-4.325563	1438.033742
23.865194	-6.040088	114.498088
23.817325	-5.623653	189.607856
22.924410	-6.495396	64.059900
23.230072	-7.065677	28.819514
23.657157	-7.146174	27.909654
23.524913	-6.535216	55.368165
25.597687	-4.213592	1401.302030
23.654944	-1.946430	2831.099570
28.912424	-6.115037	21.335702
27.113081	-6.402949	29.247727
23.140693	-1.456075	2909.581070
24.468343	-3.172955	2658.407130
23.184762	-5.228633	371.208466
23.355469	-4.731342	827.295054
23.284083	-2.909706	2549.174465
22.816090	-3.505503	2332.660884
23.988080	-3.862782	2228.868228
26.904896	-5.435499	174.657453
23.336804	-2.518990	2549.356448
22.601117	-2.801423	2251.517329
22.423494	-3.641241	2161.072336
22.591407	-4.382076	1391.487110
23.839578	-4.652284	938.448867
26.062836	-3.210547	2094.259253
23.521793	-1.106627	2480.014553
24.036878	-2.941983	2734.689271
23.878179	-0.269553	1175.948280
23.236145	-1.866690	2728.769391
22.078853	-3.315876	2189.331188
22.022996	-4.126981	1654.026481
27.463317	-4.499384	741.231738
24.032973	-2.508726	2729.224279
26.034543	-2.692493	1924.261498
27.380026	-5.564939	111.691246
24.614720	-4.756357	753.304027
24.365358	-1.820967	3048.233138
24.061615	-4.265347	1481.650518
26.972049	-4.559993	766.366922
24.434831	-2.236327	2763.936525
24.843328	-2.924042	2558.129167
22.993376	-0.132702	1047.206941
23.896147	-1.275308	2826.631301
24.813721	-2.420670	2545.676104
23.933846	-1.704496	2978.264449
24.297687	-1.043456	2554.879504
24.657381	-0.288900	1423.034266
24.617278	-1.411126	3081.010118
25.419157	-1.818873	2661.614662
23.500326	-0.585875	1402.959038
25.112405	-0.461650	2183.228549
25.512684	-3.391093	2302.135800
25.261790	-3.019128	2354.538328
26.788999	-4.142956	1263.798048
25.551782	-2.615529	2157.761486
28.577466	-3.204617	1726.340903
25.275532	-2.257304	2387.669447
26.000749	-1.260675	2823.103738
25.913357	-0.172749	1885.003164
25.069586	-1.370778	3073.368335
24.301186	-0.558454	1470.642526
26.438153	-0.635708	2701.303530
26.314028	-2.399725	1793.032317
25.895302	-1.697894	2502.898475
25.771442	-0.917180	2706.751259
29.929281	-3.833110	1150.218132
26.057007	-0.472526	2229.627582
27.981082	-2.510420	1712.158344
27.490351	-0.194482	2087.227502
27.001671	-7.339703	7.765735
27.287698	-6.824886	12.652070
29.507812	-6.922512	2.161396
27.804260	-6.736743	9.642293
28.150070	-7.800024	1.010848
29.065171	-7.748046	0.612514
28.544807	-7.064681	2.021957
30.312743	-7.341211	2.271397
28.043303	-7.051585	3.075071
29.487410	-7.499860	0.958792
30.760662	-7.346745	4.245586
31.189046	-5.963398	42.280338
30.831259	-5.703517	59.392244
30.765092	-5.275132	147.007790
31.078490	-7.757349	4.764273
30.010229	-6.763862	3.700664
31.563974	-7.491309	6.727215
29.984738	-7.751814	1.112288
32.867639	-6.609202	25.133108
31.956127	-6.667190	18.900285
31.072603	-6.814851	9.130880
31.973376	-6.184181	43.627562
33.309677	-6.800540	19.748730
31.552999	-6.959415	10.117091
32.430173	-6.913198	16.183143
32.730486	-5.092553	274.391932
31.985484	-7.733961	7.331421
31.531292	-3.798005	1586.516659
32.448555	-7.448074	9.864125
32.426095	-5.912683	68.827276
32.931821	-7.714113	9.551530
33.355477	-7.370575	11.656448
32.359474	-5.440492	140.665024
31.667250	-4.910533	327.857247
32.846312	-6.091697	52.918796
31.848311	-5.382096	146.371329
33.325439	-5.763472	88.417621
33.276234	-5.236519	222.831602
33.721655	-6.500633	29.138667
34.552439	-4.489322	679.705675
33.687272	-4.855258	439.727449
32.881811	-3.662947	1665.235262
32.067413	-4.466941	686.711075
31.132608	-4.846295	327.199806
33.758745	-5.981070	58.913761
35.676750	-1.190972	1182.015233
32.619486	-4.590565	607.709162
33.565624	-4.298029	851.203408
34.261633	-4.920055	383.960146
33.929986	-3.997808	1036.813610
36.560279	-5.622949	141.139061
40.736238	-0.309504	477.943811
30.514953	-5.955955	33.355525
30.171014	-6.402698	13.073922
33.043586	-4.177302	1051.171754
31.971476	-3.995233	1347.999046
31.618378	-3.255252	2079.218238
31.133524	-3.967051	1185.261281
31.232818	-2.503107	1935.310697
30.946237	-4.398353	651.880946
33.266337	-3.189242	1674.107481
30.740403	-3.691801	1387.387480
33.001539	-2.675615	1540.541085
29.674488	-1.455550	2582.608569
30.366475	-3.944101	1048.717152
28.575759	-5.024530	209.753609
32.116871	-3.146517	2129.435252
27.983266	-3.804384	1261.983178
30.752021	-3.254440	1893.998091
30.464114	-4.368657	654.274266
32.361774	-3.604502	1840.899989
32.960879	-1.704665	932.120455
33.991048	-1.529618	746.676032
30.940637	-6.414582	19.628831
28.450083	-2.453935	1867.572873
34.137015	-2.894473	857.131334
32.937380	-0.857743	1141.743010
30.120081	-6.021527	30.856073
28.631782	-2.037134	2097.057455
27.147968	-0.958813	2923.791888
31.232228	-2.986936	2116.485602
29.832378	-3.339912	1702.719812
26.983039	-1.322388	2629.514769
30.281190	-3.013542	1960.883657
29.383425	-3.197445	1813.237328
28.921068	-3.973598	1033.294693
30.114845	-4.694560	380.623134
30.229452	-5.153093	158.751308
29.256272	-4.217070	695.914290
28.242062	-5.433730	114.189466
29.900748	-5.647050	68.134165
30.565886	-6.337126	20.371533
29.094778	-1.966246	2300.065883
28.098938	-3.327449	1612.739180
27.721700	-2.172358	1716.361084
28.420540	-4.161455	872.391173
28.962322	-3.493694	1547.653223
27.770670	-2.962063	1675.870314
27.151931	-3.799715	1428.092073
28.298957	-4.615890	430.948303
29.344198	-4.653964	401.343516
27.546807	-3.982736	1170.893720
26.955834	-3.362000	1721.677787
26.411885	-3.465879	1870.653023
26.361034	-4.000241	1553.015451
27.778192	-4.775466	393.972150
28.319584	-5.943161	39.238088
29.352799	-5.614599	63.929311
29.093657	-5.033522	179.527561
29.745403	-4.562081	493.820061
29.657477	-4.125187	751.303511
25.557127	-4.609450	860.196237
26.009794	-4.616447	833.072636
23.105106	-0.449024	1431.995059
22.503793	-0.132702	1027.083704
25.423774	-0.172749	2423.558326
25.316423	-0.906304	2824.410332
26.388109	-1.151952	2856.585359
27.575486	-1.040491	2696.453901
26.810611	-1.999414	1842.268554
27.607287	-1.464813	2224.144835
28.558538	-0.427698	2257.804803
28.568670	-1.211638	2917.016741
26.642797	-1.410233	2625.241096
27.893153	-1.735941	1986.584865
26.570550	-1.776980	2134.154284
27.231521	-1.605261	2188.624672
26.210414	-1.955919	2096.458474
27.131342	-1.915539	1840.908274
26.710635	-2.401406	1686.442617
27.214581	-2.965245	1668.231707
27.335653	-2.211508	1662.389615
27.038947	-2.552752	1614.519568
26.857770	-0.530414	2905.534425
28.334235	-1.657203	2289.443673
28.718199	-2.782746	1877.378746
29.215768	-2.749040	1983.329011
30.307346	-2.499172	1968.920397
29.410648	-2.349342	2123.206565
29.025803	-1.207803	3148.304548
29.254363	-1.582480	2668.633443
28.237621	-0.173735	2218.932595
31.553652	-0.603973	1646.169172
29.726476	-0.214199	2405.459471
30.007333	-1.698212	2095.449984
29.320295	-0.881935	2983.556621
30.435285	-0.195958	1983.028553
29.313018	-0.468161	2322.960588
29.721278	-1.041110	2789.452672
30.503870	-1.418117	1838.801564
30.778766	-2.256241	1817.917507
30.746924	-0.544503	1528.538074
30.039911	-0.823294	2539.381051
31.372496	-1.589785	1560.350979
30.052386	-0.410157	2267.974373
30.489657	-0.957640	1957.991326
27.000767	-0.194482	2191.599226
27.821722	-0.368218	2222.553953
28.961541	-0.253963	1934.562760
28.353475	-0.845307	2834.357555
31.610239	-2.144543	1745.661501
30.871036	-1.685210	1593.878801
32.116307	-2.197020	1674.142202
31.155389	-0.348544	2232.959977
32.372111	-2.691334	1941.591592
33.275017	-2.168763	890.941440
31.660860	-1.164984	1600.841542
32.431598	-1.717203	1245.875709
34.461411	-0.452845	811.252391
33.051874	-0.434259	1149.839985
32.213894	-1.239924	1326.105756
31.976388	-0.255429	1261.309764
34.417211	-1.254551	1029.522222
33.858957	-2.044059	610.370679
32.686891	-0.186078	1108.280594
35.068854	-2.644234	502.172033
37.088054	-1.748583	710.322307
33.645707	-1.169794	830.427629
33.199478	-1.220137	938.289174
33.850685	-0.800762	927.875963
34.996078	-1.863104	660.403050
34.133134	-0.179440	715.252181
32.350780	-0.441507	1042.783389
33.411857	-0.248180	1016.468787
32.481078	-0.864992	1180.818144
36.592547	-2.371018	459.057079
35.253456	-1.023419	1145.436834
33.763741	-0.427620	862.022497
34.843902	-0.273405	668.399645
34.303564	-0.825987	1009.047253
36.745216	-0.491735	665.059479
36.358920	-0.237499	411.966304
34.857087	-1.388478	1024.902347
35.824024	-1.678753	888.479803
34.744760	-2.268643	509.563789
34.342440	-4.124304	919.935824
35.622318	-0.242945	542.492755
34.232345	-2.408194	570.376344
35.557735	-2.462353	465.561895
36.273037	-1.658896	881.015952
37.160177	-1.294802	1309.626078
33.763111	-3.228202	1283.882255
35.996862	-0.480445	656.192454
34.521475	-3.165353	844.872720
35.539721	-1.985826	612.098617
36.741883	-0.978946	1174.646381
36.176075	-3.590412	658.458626
35.876570	-2.753321	465.109087
36.014058	-0.921403	1106.048821
36.372782	-1.165669	1189.420041
36.570015	-1.925955	642.834159
37.105046	-0.254236	514.092292
33.963031	-3.610078	1168.941170
34.400745	-3.522204	1020.403820
35.965471	-4.482779	584.588450
37.649629	-3.299706	652.201377
35.728326	-3.343945	618.910865
37.515975	-0.503943	547.127290
36.952309	-3.212043	578.213157
35.281534	-3.463407	730.573893
35.354256	-5.205676	232.006126
37.557649	-4.921828	408.278424
37.574439	-1.057298	1398.710240
38.893957	-1.980408	508.437511
37.864053	-0.249708	221.659012
36.330102	-2.702001	452.254755
37.326970	-2.097452	478.904692
27.797071	-7.534974	1.918215
28.621491	-7.548070	0.913906
34.727817	-7.299735	10.116580
34.731931	-6.692433	21.274589
34.589387	-3.800752	966.243071
34.940898	-3.054664	670.588271
35.076212	-4.328657	724.564450
35.050753	-3.852643	853.526458
35.282513	-6.187051	49.879023
36.575311	-6.904348	18.614043
40.434609	-2.631402	557.407030
38.334734	-0.497460	2582.908260
37.998772	-1.249582	1603.651184
38.902972	-0.247752	444.044001
38.653887	-2.357892	475.238425
39.279720	-2.017969	505.245290
38.291473	-2.352556	467.202571
39.440530	-0.516504	705.821895
39.280046	-1.037621	824.107567
38.410989	-0.943980	2113.414011
38.818743	-1.215389	965.697749
37.990645	-3.356237	712.735607
40.006677	-2.691174	543.175352
39.663368	-1.318749	889.795179
39.949016	-0.268752	660.104884
39.844297	-3.043542	652.885120
40.916048	-1.443078	1282.419384
40.169465	-1.107136	1103.843510
40.294629	-0.578256	683.054245
41.351890	-2.216921	619.700862
39.430026	-2.406630	494.048036
40.450551	-1.438630	1164.841875
38.607442	-3.070946	640.850637
39.444274	-3.096034	661.606025
35.779714	-5.504123	155.751189
34.050488	-7.792318	8.131721
34.196013	-5.788577	81.492335
34.551358	-7.044522	14.198505
34.446153	-5.342180	168.638682
34.528829	-6.091909	55.656719
34.941888	-5.441537	143.912169
34.086383	-6.663002	22.723604
35.153806	-6.610664	24.241804
35.292433	-7.633539	7.838870
39.256536	-5.792874	104.443202
34.933178	-5.913958	73.178249
35.716681	-6.013077	71.583426
36.521633	-7.411228	10.557599
36.218363	-5.329518	212.964540
35.396873	-6.956426	14.582340
36.968727	-5.483399	179.247176
36.751697	-4.740435	494.188842
35.451414	-4.624103	522.696285
36.105545	-6.269941	48.265829
37.135884	-6.105079	65.953686
36.873239	-6.677553	29.104405
39.774825	-4.129794	810.098417
37.825779	-5.331215	220.334056
37.071545	-5.040656	347.308241
39.409592	-4.410386	735.073078
37.230081	-4.009417	810.332369
37.681232	-4.388844	753.816474
36.268801	-4.044564	720.900480
38.159023	-4.192411	865.849300
38.236416	-3.689160	844.840212
36.306963	-4.889747	417.157005
36.786650	-4.242180	724.901565
38.661442	-3.494880	818.142501
38.100974	-2.676192	498.609732
39.365428	-3.503542	828.992199
39.235041	-2.769203	538.485739
39.024517	-4.214300	844.874997
39.996655	-4.910899	417.321657
39.009624	-3.705926	894.279005
40.389466	-3.445907	801.875281
38.598942	-4.506505	725.284853
39.745555	-3.731324	859.416971
40.144638	-4.401684	695.611557
36.127648	-6.703725	22.822828
38.290887	-5.396053	197.920683
39.186644	-5.235799	270.429314
40.023555	-3.427656	793.131607
40.638140	-3.002021	685.474298
38.650948	-5.042183	354.590206
39.519712	-4.896207	457.710231
40.276568	-1.896907	682.500274
39.599331	-1.753533	612.571696
43.647644	-3.003309	3074.202468
40.481140	-4.234371	763.725750
39.801639	-2.381093	505.474435
39.931445	-2.000197	570.561724
39.580171	-7.796400	5.403776
40.842933	-4.415039	640.781868
38.680611	-1.633611	664.775524
38.844666	-2.758026	531.342801
38.165184	-1.665849	729.442334
37.757944	-2.613672	475.051401
38.016116	-2.007311	497.434931
37.674358	-2.177416	452.680451
37.542118	-2.875397	525.284201
38.226164	-2.994448	607.368135
37.174476	-2.818061	498.422541
37.276204	-3.540158	700.644315
37.042913	-2.476371	450.493065
36.558302	-3.201337	551.508039
41.346729	-2.749435	717.876208
40.575513	-3.783597	853.276150
33.828311	-7.448780	10.326926
34.545876	-7.639866	8.025073
34.456288	-6.446771	29.450722
34.147239	-7.041114	14.540116
34.901638	-7.847547	7.223748
36.886383	-7.711188	8.307147
38.171570	-7.448257	8.856670
35.151457	-7.293408	10.109811
36.510494	-6.054418	70.197633
35.765795	-7.785992	7.676550
38.404406	-5.876502	89.216194
38.834360	-6.079707	64.122423
38.062483	-6.208566	55.434348
38.934338	-7.796400	5.550571
39.006455	-6.928856	13.351718
41.481804	-4.842817	363.084455
37.426576	-6.333645	49.741463
38.733537	-6.555727	28.071654
37.359575	-7.491881	9.153706
38.223328	-6.614444	27.985500
38.674383	-7.463965	7.728992
40.491333	-6.025726	59.977574
41.301477	-5.974862	54.398729
37.993432	-6.971865	14.781170
39.556695	-6.900439	12.971387
40.779107	-7.731862	5.485674
39.870457	-7.435548	7.077092
37.504354	-7.015489	14.825804
40.364960	-6.459895	27.733221
37.785692	-7.780693	7.824241
40.239377	-5.263925	200.274228
41.416146	-4.011509	807.176076
41.739211	-5.190439	191.137612
41.126546	-3.465138	873.819700
41.005834	-4.856080	368.527411
41.657733	-4.326524	626.905258
40.881219	-5.772690	84.533118
41.300956	-7.450162	5.778423
43.353420	-4.602598	450.595528
42.252797	-3.092783	1229.124378
35.818931	-6.996596	14.237361
37.287256	-6.708040	27.185812
36.046878	-7.486031	9.753939
37.718433	-6.122087	69.173852
36.830525	-6.261407	51.125627
37.595248	-5.725186	120.690813
37.224300	-5.758541	113.558208
39.699121	-5.980048	64.791919
40.756204	-5.253168	187.878181
40.641862	-6.813039	13.607056
41.355310	-7.028853	10.364972
40.106626	-5.720136	91.965968
39.832895	-6.482757	28.120072
40.423559	-7.371009	7.239995
42.972612	-7.429601	5.932009
42.291686	-7.025032	8.465190
41.051764	-6.752582	14.212573
41.631871	-6.704142	14.820425
41.328325	-6.427871	22.088413
43.422952	-7.397934	6.163140
43.449237	-6.455598	16.887352
42.582357	-3.657987	1349.831446
41.683163	-1.057522	1451.642293
42.202734	-5.094763	209.772175
43.788743	-6.109962	29.070872
41.683955	-5.688347	87.870900
42.801840	-5.615707	86.789761
43.007612	-6.469033	17.056540
42.754514	-6.110693	35.990187
42.381022	-5.475039	106.600767
43.189919	-3.613219	1664.953147
43.649937	-4.812542	312.612341
42.754192	-4.576016	512.197205
45.039556	-1.175920	6709.670085
41.799083	-1.979215	722.115289
42.021219	-6.650443	15.265352
42.081078	-5.852185	67.184794
43.016933	-4.861561	343.541015
43.453365	-3.917779	1351.116247
42.567476	-2.172156	1009.485388
41.948568	-1.441805	1042.078861
42.885562	-2.937887	1849.879420
41.479750	-0.228017	841.839254
42.156345	-2.348611	828.970439
43.344957	-1.734502	1267.940433
41.692583	-2.943187	889.553883
42.912725	-4.200596	833.106723
43.616554	-1.354508	1257.071122
42.966710	-0.246137	1359.506648
44.802505	-0.422121	2192.963640
42.648633	-1.722077	992.615146
41.090988	-0.537520	1183.279578
43.824945	-5.642492	77.286612
43.289590	-4.259771	821.215721
43.090601	-5.323600	168.552448
43.358196	-2.184855	1901.730591
44.614265	-6.183756	23.161901
44.053324	-1.330642	1601.240606
42.584997	-0.542314	1074.999892
42.914969	-2.461871	1517.946264
40.574694	-2.218031	585.678517
41.029129	-3.054248	749.614689
40.921605	-3.750601	865.255382
42.055005	-2.780067	961.815449
41.077316	-4.086759	793.092678
41.465237	-3.602794	939.081350
41.713673	-3.385655	1025.641714
42.024263	-3.466114	1153.955423
42.221723	-3.800893	1095.935131
42.563677	-3.182176	1521.623456
42.087928	-4.230501	704.410599
42.375520	-4.651117	437.208916
44.582575	-2.701623	5376.133854
44.245797	-7.536758	4.575040
43.831481	-3.819250	1598.617304
46.683703	-6.403279	7.928929
44.024702	-4.638749	402.400104
42.851781	-3.832936	1300.427254
43.242381	-3.193981	2313.224867
43.973298	-3.324017	2811.938991
44.423348	-3.195090	3398.572467
43.734053	-2.470199	3406.297104
44.130848	-4.150718	883.289505
44.908695	-1.670967	7078.939429
46.677083	-7.666667	0.071265
44.723962	-3.560416	1834.597848
43.713975	-7.750074	4.759853
44.202450	-6.363983	19.299452
45.502657	-7.816735	1.775292
44.097108	-6.811833	10.829985
44.310432	-5.418347	97.913266
43.662446	-6.909490	10.153237
44.625572	-7.786684	3.314489
45.555618	-7.112392	2.640017
44.389436	-7.086961	6.724550
45.815524	-3.891471	657.383548
44.846411	-6.935388	6.520253
45.142929	-7.201920	3.530412
45.065729	-7.603419	2.690470
46.105583	-5.073197	97.378138
44.965899	-6.480033	12.061828
44.686045	-5.705590	53.439388
45.474713	-6.333109	11.811217
45.581878	-5.797127	32.601902
45.111093	-2.603260	5892.271401
45.403381	-3.035574	2600.934466
44.760576	-4.765704	269.238703
44.573279	-4.020811	971.496445
45.148451	-5.004603	168.673094
45.420639	-3.893684	817.644778
44.846353	-4.334803	507.303036
45.175477	-3.499263	1650.836236
45.144844	-5.465884	66.866242
45.242199	-4.268829	482.894387
46.482024	-5.871346	25.941347
45.448284	-4.690211	260.712128
46.044149	-3.545779	891.337512
46.502457	-3.717542	656.510314
44.381355	-4.939743	221.809416
43.521103	-5.337681	161.566308
44.375155	-1.782758	4363.625285
45.767914	-6.698937	4.215794
45.280991	-2.087285	8078.135881
46.496062	-4.181534	363.241139
44.218933	-2.297440	4866.311281
46.135813	-2.253957	2144.842120
46.567051	-5.010678	98.194147
45.788362	-1.935029	6575.227707
44.443074	-0.187913	2289.791699
46.197032	-0.276265	2700.142207
45.577296	-0.510473	2314.547239
45.914627	-1.367181	6888.627142
46.443390	-1.186597	1672.701368
44.105021	-0.465052	1310.811484
46.042563	-4.272513	373.330161
46.593814	-2.911465	1065.389324
45.853764	-4.696108	213.600823
46.768730	-4.542611	190.704911
46.020556	-5.600531	43.588202
46.775126	-3.411952	841.358322
46.798321	-5.468067	50.524443
46.818688	-2.499512	950.931065
45.877168	-3.084302	1586.364774
46.575463	-2.076511	991.333302
46.154164	-2.755578	1547.442146
44.272243	-0.892847	1418.892999
46.756775	-1.576999	575.356098
45.156306	-0.234208	822.374588
44.724934	-0.849916	2229.323350
45.538116	-1.024390	9866.278199
46.686615	-0.609598	381.284350
42.246917	-6.221663	32.731517
41.709349	-7.718300	4.566572
42.617801	-7.781740	4.780664
42.770481	-6.954592	9.091111
41.186530	-1.070849	1649.807185
42.170900	-7.500041	5.193327
42.212038	-0.296177	1151.575744
41.832413	-0.524194	863.519304
42.986329	-1.150443	1180.297753
43.724448	-0.277139	1606.740205
43.363032	-0.523276	1486.015117
43.338275	-0.974937	1300.102223
42.629374	-0.994959	1173.000687
42.386986	-1.361121	1070.980288
42.982887	-1.561438	1093.496887
46.329928	-7.363824	0.529760
45.801335	-7.513892	1.298582
46.336547	-6.767103	2.516414
