35.216220	-0.516351	953.875524
23.635782	-3.159273	2601.391223
3.906356	-4.625194	303.520808
15.751855	-7.100720	162.715630
0.820499	-4.316766	23.083863
9.545038	-1.329375	3903.010757
9.068539	-2.507094	2750.273306
40.988189	-1.983579	547.677676
29.903079	-2.208237	2522.319358
4.705627	-4.860507	422.631101
4.948120	-7.048297	33.613250
4.335467	-4.519673	522.316186
2.068274	-5.657132	11.001115
6.651881	-5.362644	320.548780
6.284333	-7.398759	42.229148
2.162253	-2.271516	1777.584551
4.514702	-6.118589	67.591263
5.682362	-6.940771	51.403751
5.458316	-5.448105	232.317141
8.471716	-7.132625	15.510762
5.647577	-6.123224	111.979690
6.397701	-6.875958	58.259562
4.299297	-6.544255	33.343486
5.456679	-4.688062	750.402992
5.073977	-5.557625	161.101154
5.720230	-5.750612	172.089087
3.576298	-5.879917	41.234706
5.799991	-7.434898	40.690916
4.966308	-6.047125	95.590357
4.551046	-7.785950	22.444128
4.698518	-5.294144	188.283983
4.998979	-4.114878	1180.047802
5.277993	-6.310217	81.512506
6.224506	-4.721828	803.001313
3.743726	-5.096644	123.686189
5.279444	-6.768219	51.273364
6.008436	-6.669519	66.726948
6.253093	-5.384605	315.548183
6.354715	-4.058197	1635.549024
4.516106	-6.968292	27.276607
5.453961	-7.748451	32.713330
10.040178	-7.154674	9.165597
6.071392	-4.399061	1197.280032
2.337333	-4.712145	64.701032
4.315307	-5.631660	100.021311
6.885763	-5.748169	192.044825
5.005008	-7.534401	28.551138
4.239660	-7.454396	19.057847
6.224082	-3.748792	2479.276376
5.081703	-4.592462	728.631719
4.388238	-3.599899	1782.418417
4.559807	-4.039519	1083.564997
5.625243	-5.062401	444.664060
5.627572	-4.020225	1787.546393
5.326744	-3.497340	2433.702184
3.307252	-5.180077	78.828120
6.051487	-5.048190	490.814830
5.729810	-4.351083	1199.047789
6.088763	-5.701324	195.304423
6.819109	-4.980423	521.881370
7.489480	-5.272326	281.915146
5.271717	-3.879620	1789.724207
6.593339	-4.676022	837.120755
5.338124	-2.735933	2195.338597
5.838521	-3.758797	2363.414474
5.689429	-3.448021	2687.867652
6.247108	-6.045261	134.594998
6.645319	-6.114068	123.442099
6.642224	-3.067707	3468.538535
5.116963	-3.173008	2486.627690
3.708551	-1.148911	1124.285500
4.681701	-3.165891	2260.854624
5.975102	-6.309974	100.245127
6.762579	-6.585220	71.578664
7.916226	-5.222156	246.852642
7.395674	-4.515910	822.858925
3.946670	-3.512237	1669.100470
3.032531	-4.884678	97.350322
7.556589	-2.782260	3144.172692
7.369629	-1.364196	2717.884026
6.299209	-3.346071	3205.633943
5.904602	-3.158832	2947.226990
6.044679	-2.336348	2226.422770
5.763078	-2.771076	2505.229971
6.529218	-2.445740	2814.194724
4.989592	-1.635092	1347.805112
0.509160	-5.863273	1.754628
2.257563	-3.644874	345.488796
7.552300	-6.422762	59.394109
7.971347	-2.966069	2543.405452
3.608476	-3.798883	965.522506
2.819999	-4.138401	269.696566
7.705230	-1.853626	2746.380374
0.449604	-0.727268	1033.061340
0.510741	-2.207932	109.872328
1.736428	-3.476994	212.552262
3.126653	-4.430448	223.020086
1.936663	-4.817269	35.518940
0.473044	-4.136204	22.832241
3.783143	-3.015328	2075.432948
1.834205	-4.098658	98.029386
2.838093	-5.800184	20.895081
3.108964	-2.721166	2209.622108
6.884096	-1.524069	2570.920956
5.152386	-2.372704	1566.624125
2.542496	-2.288951	2113.764585
4.162630	-1.314461	1421.516066
4.037072	-2.644417	1929.827805
3.229012	-3.510389	1095.862986
2.173441	-7.356883	0.856560
2.514663	-3.072089	988.039460
2.877886	-3.673856	590.129644
3.564004	-4.254398	407.746677
2.577661	-3.460570	606.680351
2.442844	-4.280455	144.799893
3.344743	-3.040872	1973.137161
1.352325	-4.533026	29.870260
3.903973	-2.162551	1395.083712
2.020427	-3.396485	381.086045
1.770761	-5.295077	14.711584
2.151732	-3.051250	721.695679
1.115498	-4.911181	15.340344
2.180633	-4.000215	170.691923
0.539375	-1.718262	211.185012
0.462525	-3.722646	37.933229
1.961060	-2.730375	880.957013
1.627136	-3.823826	116.419486
5.786336	-1.848198	1621.806041
0.839437	-3.382675	64.695505
1.272630	-3.867234	75.321152
1.695745	-4.484022	47.023707
1.153939	-3.472869	99.870693
1.465613	-3.224316	212.825512
3.548075	-6.290945	21.985911
0.786054	-4.793200	14.891172
1.136278	-4.191071	37.150684
4.494063	-2.707317	1944.936720
0.204812	-1.393935	301.497128
1.473981	-1.992217	1059.238442
1.558940	-2.822933	445.369926
2.620367	-5.024320	52.506865
1.288609	-2.439698	434.624061
3.480077	-7.778262	7.549058
0.537561	-7.822020	0.015627
6.880245	-2.104884	2726.156700
7.112806	-3.218395	3230.712776
4.743586	-2.351205	1480.722418
0.345483	-2.983469	56.977058
4.246693	-1.801031	1152.686413
4.507354	-0.995916	2493.645606
3.198931	-2.284473	1855.856632
3.275527	-0.326249	1187.655400
4.449623	-0.504116	1524.761849
2.689492	-1.154154	692.786495
1.945506	-1.916593	1599.572800
1.341281	-1.514074	1131.463429
2.086051	-0.809962	611.680883
2.017884	-1.504365	1157.906485
1.656231	-1.232861	945.747965
0.244792	-0.333333	11439.709952
2.936281	-1.533327	946.395499
1.719481	-0.874625	569.362623
3.659383	-0.594585	1182.193772
2.266603	-1.204353	713.708876
2.524545	-0.245869	1073.296222
1.559552	-0.498177	600.856219
1.849493	-0.187645	1657.425935
2.862572	-0.572118	982.392843
2.170914	-0.433514	1016.666409
6.511231	-1.175063	2104.871419
5.253391	-0.891044	2547.467512
7.437034	-2.290716	2983.273394
7.528826	-0.954058	2636.409598
8.161520	-5.561961	137.992076
9.300530	-2.754815	2361.546793
6.205327	-0.261502	1276.593842
8.062153	-0.443317	2028.315891
5.830380	-0.453552	1102.632954
0.722395	-2.976831	77.781470
0.169304	-3.433198	42.756939
0.887653	-2.534627	144.371062
0.176178	-2.550271	65.757999
4.951694	-1.190793	2674.814067
5.679410	-0.916766	1966.073977
0.983809	-1.362127	879.780423
4.055731	-0.268336	1276.913895
1.178809	-0.310532	3110.552211
0.894038	-0.704467	1722.573324
5.500054	-0.192051	1215.592461
4.800142	-0.235780	1053.742919
5.974318	-1.333295	1957.598856
6.591269	-0.566483	1454.314881
6.995317	-0.304981	1326.994396
5.159570	-0.427830	1997.660062
3.215971	-5.628404	40.639117
3.929279	-5.543891	79.322473
2.517209	-5.491499	22.901926
1.990221	-6.106444	3.980272
0.250384	-6.430725	0.575248
3.845953	-6.596398	21.106306
3.658460	-7.012748	13.222401
2.353883	-6.485838	3.771978
2.752820	-6.345211	9.873622
1.231668	-6.265860	1.066604
2.165240	-6.860503	1.401617
1.293017	-5.339984	8.175289
1.708760	-7.490846	0.267635
1.639749	-6.338754	1.542514
0.972838	-6.643505	0.340357
1.034135	-5.805972	2.453414
1.146409	-7.002169	0.192073
0.516530	-6.751070	0.211462
0.204228	-7.488687	0.017778
1.732912	-6.764179	0.894947
0.894329	-7.265087	0.069209
8.401099	-2.832865	2385.665392
8.004266	-5.912843	90.155390
2.704234	-2.768650	1906.078027
3.514680	-2.032687	1352.411166
3.403321	-1.505616	958.511610
2.821257	-2.013189	1701.661198
4.629315	-1.926784	1177.380904
0.258775	-5.432548	4.011852
5.318997	-1.919697	1346.233924
7.291458	-3.700168	2129.684854
7.989287	-3.418417	1950.645727
6.685741	-4.229717	1306.926692
8.827818	-4.501484	405.537840
7.230411	-4.926307	504.670583
7.076774	-4.123721	1409.558778
7.312060	-5.711967	175.470651
8.119761	-4.812631	382.812278
7.581554	-6.012679	97.683305
8.082918	-6.962676	24.700209
7.200630	-6.723061	51.193857
7.777205	-7.235451	24.661222
7.113034	-7.536835	28.555042
7.331120	-7.151876	32.576375
8.237371	-6.259635	55.217255
8.764614	-5.172934	195.144571
10.967292	-3.797723	1842.610437
6.604970	-7.712311	33.362133
7.988503	-6.578800	42.729979
7.508064	-7.824524	22.813974
7.892452	-7.620411	19.675886
9.531672	-7.787716	4.696683
9.222312	-7.144646	9.569000
8.491271	-7.580877	11.481417
8.773550	-7.784990	7.864520
8.217721	-7.795887	14.426455
9.138555	-7.572706	6.336649
8.837751	-6.908678	14.935128
9.653622	-6.494549	22.389412
11.634587	-7.488008	23.615416
8.884191	-6.510284	26.864286
10.846783	-4.857408	425.531287
10.111289	-6.232511	35.024156
9.638672	-6.929950	11.611088
9.223569	-5.900853	54.931908
10.016934	-7.584380	5.797041
10.523160	-6.486070	28.161419
11.291390	-6.748291	43.193443
9.001039	-3.359434	1460.284073
10.045081	-5.779435	77.465493
9.119926	-5.085053	206.659085
8.001100	-4.076429	1134.417220
9.118178	-3.813440	967.644570
7.753180	-3.716381	1734.839674
8.622566	-3.264180	1781.324724
7.858277	-4.452404	725.499502
8.354343	-3.542092	1584.059954
8.768730	-4.110680	748.517029
8.507175	-2.043545	2914.022156
8.525198	-4.806425	310.218197
8.383368	-3.934585	1111.116121
8.604470	-5.518945	119.582675
9.179481	-4.679300	298.345674
8.810567	-5.844411	65.662054
9.527282	-5.631475	85.325665
10.116823	-5.024526	243.551082
9.555341	-3.884810	869.635321
8.600722	-6.234218	45.151120
9.283701	-6.310852	31.190772
9.747268	-4.266706	549.834993
9.640070	-3.232828	1740.900697
10.427977	-4.684240	398.627325
8.746790	-1.044697	3985.115279
10.216713	-3.492923	1551.917236
9.790907	-3.548695	1314.565351
9.544632	-4.609524	329.381575
10.499492	-3.849782	1214.451923
9.751823	-4.970553	228.650304
10.265612	-4.287449	638.405792
9.449865	-5.252407	156.936735
10.332664	-5.454340	162.553193
11.154689	-6.070597	98.415593
11.133243	-5.654061	198.748692
10.786683	-5.390377	240.625974
11.210379	-3.340892	2926.087467
12.308293	-5.689818	316.828227
11.745467	-3.425703	3013.936522
10.248259	-3.075115	2295.511405
9.287366	-3.114937	1825.082984
9.876467	-2.947258	2200.690104
9.803135	-2.364709	3217.589127
9.931030	-0.202091	4761.708994
7.716556	-0.200370	3355.983727
12.252864	-4.177460	1764.092941
11.337054	-2.466531	4059.001289
7.978065	-0.892023	2117.372968
7.368123	-0.505351	3050.944534
8.273754	-1.207278	2761.661324
9.068397	-1.383238	3686.853269
8.160117	-1.758743	2770.158424
8.423722	-0.242946	5179.302454
10.317280	-0.465077	4934.261622
9.749644	-1.723933	3672.664044
9.751572	-0.949979	4376.832615
11.023905	-2.906807	3717.891504
8.812671	-0.529072	5531.644231
3.102475	-6.584459	12.550700
2.555303	-7.655426	1.927716
3.035381	-7.433688	5.018312
0.961517	-7.611409	0.037978
0.470374	-7.142365	0.057440
1.423956	-7.789389	0.078957
1.498402	-7.049948	0.346284
0.179823	-4.513422	14.348913
0.438599	-4.945971	9.414482
10.932416	-6.385566	48.610540
11.259746	-7.093882	24.177866
15.126409	-5.909868	525.423117
11.960058	-6.698458	85.299264
11.331259	-4.168854	1521.750942
11.824286	-3.919152	2161.647465
11.719213	-4.969270	674.982210
14.059458	-4.505161	1153.412944
12.036960	-3.065360	3470.797652
10.549347	-2.799328	3402.242905
12.209708	-4.752694	1059.755964
13.711228	-4.130774	1251.261109
11.815020	-2.540273	3848.990896
10.674622	-2.035564	3968.097096
12.776696	-3.929517	1886.129474
13.935892	-2.534119	1853.130131
13.117992	-2.737136	2311.245512
14.736908	-5.137633	1051.621393
12.696692	-2.705675	2779.380718
11.099679	-2.028508	3848.106134
12.443022	-0.531687	5050.223774
9.548204	-2.066908	3375.500315
12.269017	-0.941173	4093.789919
10.667499	-0.262987	6893.784949
10.437439	-2.366107	3811.488395
10.524037	-1.273494	3712.377916
10.403050	-1.686374	3952.336726
10.103869	-2.235838	3690.448389
10.082077	-1.818312	3796.984372
9.217620	-2.119733	3125.368157
9.704543	-2.665255	2600.616221
8.942419	-1.830621	3272.810813
8.601596	-2.496768	2690.402223
11.632820	-1.498666	2665.759926
11.166451	-0.896890	3215.896872
9.201448	-0.286125	4898.221371
10.238456	-0.926840	4318.503491
9.585604	-0.488216	5371.199682
11.643215	-5.446625	331.286178
11.065571	-0.476521	4240.295486
11.269342	-4.643737	787.454480
12.540901	-5.979800	267.303751
13.214510	-4.280947	1411.373034
12.597355	-5.481398	456.526660
11.770678	-0.405899	4233.537766
12.474342	-6.294001	171.193395
13.124657	-4.850353	1027.937515
12.643688	-5.074157	830.847736
13.518538	-5.124660	827.422601
13.572467	-5.627888	538.915081
13.956621	-4.929643	942.272299
12.814905	-6.633419	141.053794
12.402378	-1.372395	4300.845671
15.620825	-4.631313	1850.027586
15.651733	-5.197697	1525.742462
13.018555	-0.154419	4479.627434
12.893103	-7.466296	66.393400
13.227705	-5.909349	334.604984
11.252602	-1.637924	3138.332873
14.803546	-4.681820	1274.467615
14.092630	-5.715742	545.979269
13.688641	-3.241994	1314.324041
14.576760	-2.570243	1557.698378
13.988741	-1.074870	7234.217842
3.835358	-7.446708	12.156239
3.191816	-6.999728	9.308946
11.967173	-5.736803	252.728386
10.886120	-7.612045	10.692721
14.530964	-6.743294	195.366939
12.829963	-5.771381	347.025987
11.853446	-6.102048	150.349035
12.128008	-6.369264	130.150691
11.550934	-6.228406	101.816728
11.603900	-6.610127	71.832022
12.051257	-7.456072	41.858635
12.173250	-7.014193	66.404985
14.148280	-6.505337	219.360664
12.681762	-7.024417	84.533052
13.408909	-7.682850	74.291407
12.484194	-7.783446	50.364482
13.279205	-6.457187	195.404573
11.413697	-0.213534	7580.236435
10.948532	-1.232100	3305.022851
12.132626	-2.177093	3411.300771
11.585364	-1.043389	2534.712905
11.841465	-0.815385	3050.504336
12.865014	-0.493741	3028.835766
12.022280	-1.701884	3093.334592
12.868854	-1.577617	4729.319634
12.106980	-0.192365	6293.932720
12.565699	-2.320605	3208.513436
12.921829	-2.050618	3522.607269
12.485558	-3.087249	2869.111318
13.278713	-2.343188	2712.770316
12.835020	-3.434828	2207.696002
13.259570	-3.157087	1817.931662
13.988092	-2.897035	1329.033614
13.508139	-0.154419	3774.039304
14.621669	-3.257045	1008.644501
14.615838	-0.477514	5715.167320
14.629307	-3.995996	1162.782377
13.901143	-3.679009	1158.821726
14.301828	-5.273848	834.440650
14.471302	-4.393553	1210.713973
14.734518	-6.110891	364.351341
15.168408	-5.459296	1000.657284
16.448544	-4.597418	2752.902119
15.876754	-2.726092	1519.467470
16.738917	-2.201228	2979.081774
15.014641	-2.429438	1784.478138
10.844612	-7.217920	14.992951
11.400857	-7.815381	14.721218
10.466999	-6.972832	14.875249
10.485262	-7.796664	6.557425
13.227646	-0.858357	4254.563501
13.876492	-1.839846	4276.253912
14.414885	-2.935257	1183.637399
14.300946	-2.346512	2095.096845
14.407377	-3.655839	1063.940847
15.313797	-1.202622	6383.792108
14.306717	-1.953687	3609.743246
13.643109	-2.261511	2635.860031
15.091017	-2.004607	3824.866147
14.472489	-0.972005	7600.206450
15.093789	-4.004765	1261.575121
15.344183	-3.631599	1175.759033
15.093993	-3.224036	1051.445310
16.090694	-3.159982	1435.312500
15.204138	-4.437099	1484.754242
15.325090	-2.761442	1283.828252
16.072530	-3.928723	1913.448801
15.789220	-3.602895	1429.086491
16.814631	-3.969481	2670.004731
16.528122	-3.285271	1671.299752
16.191704	-5.420863	1576.307780
13.814055	-0.370181	5136.879489
16.960239	-3.092031	1810.281439
16.152644	-2.285200	2963.786578
14.658906	-1.752587	4941.622334
15.490553	-1.687382	5489.829044
16.069112	-0.360263	4517.468182
14.782590	-1.285789	7278.910232
15.776251	-0.172405	4765.343742
15.044297	-0.261751	5310.594323
15.469255	-7.791022	97.507332
15.938777	-1.777496	4853.203780
15.541738	-0.845480	5164.342801
15.453670	-6.243836	386.777599
13.230729	-1.318647	5938.177171
16.034893	-4.376256	2272.399808
22.690425	-2.349966	1426.444688
19.619142	-2.221124	1528.517960
15.880355	-7.543886	113.410582
16.792333	-4.366742	3040.847801
14.259041	-0.215762	3699.836724
16.552768	-6.916030	215.014607
13.687104	-0.734797	5264.825037
13.730504	-1.473815	6304.846038
16.508478	-3.752624	2068.882327
17.214941	-3.842805	2742.314358
16.574447	-5.075641	2470.912630
18.770391	-0.188981	2567.949876
17.099075	-2.568728	1990.853584
16.859056	-1.635453	4953.519002
17.657366	-2.455590	1783.072448
16.371879	-1.384237	5259.733286
17.264275	-1.421202	4616.101083
16.449111	-0.187859	4406.210349
18.592393	-2.348868	1484.548418
17.822441	-0.868045	4201.554550
16.334872	-0.952435	4497.412195
17.113504	-0.528242	4016.101250
15.398673	-0.434156	5151.764240
15.967386	-0.771587	4570.532170
17.702501	-1.608136	4043.059748
16.681390	-0.541111	3983.118778
18.012763	-1.233241	4442.735144
18.619388	-1.624710	3112.113263
19.229936	-0.432078	3380.535488
17.370809	-0.174990	4033.564378
17.359008	-0.933653	4319.025069
17.082627	-4.522617	3298.202962
18.066521	-0.462635	3706.747068
19.677169	-4.437448	1873.040321
14.298966	-6.067437	351.943786
15.195656	-6.602024	257.648776
13.722088	-6.725506	159.300272
14.825924	-6.507871	262.011269
14.595217	-7.095320	134.623508
17.506347	-7.807046	88.576977
13.802462	-7.343617	100.799518
14.292907	-7.475473	103.361944
19.298387	-4.645351	2106.970943
15.309733	-6.967702	172.070760
14.566021	-7.814707	94.468047
19.069364	-1.663731	2977.608161
15.035276	-7.605729	102.029411
15.004254	-7.225575	129.804714
17.142095	-5.990966	731.545397
17.199926	-7.485041	115.192215
15.900746	-6.303664	419.812553
16.400683	-7.752864	108.754463
16.299730	-5.944766	764.897550
17.925629	-7.155918	119.722296
16.084855	-6.794870	241.649428
16.772998	-6.139633	587.852377
17.469440	-6.356566	500.409860
17.235116	-5.355212	2178.594000
20.109775	-6.978852	51.613457
17.130965	-4.806847	3114.071882
17.474837	-7.048578	155.578123
17.538369	-5.097121	2642.064024
19.731156	-7.573075	38.481501
17.851083	-6.210495	562.998438
18.300048	-6.901772	148.336767
18.644206	-3.901978	2715.973927
17.973635	-7.592381	82.383632
17.304167	-6.698057	294.260370
17.860392	-0.174990	4196.978715
18.105422	-3.810390	2849.580363
19.344102	-5.732005	600.875645
19.668072	-7.110942	56.062126
18.404788	-7.785334	61.403064
18.682148	-6.193925	390.194685
18.847912	-7.564871	57.400883
18.791177	-7.117771	91.737259
19.349374	-7.779536	41.394900
19.229554	-6.870304	101.648446
20.901255	-5.189467	489.718949
20.956382	-7.374688	25.271082
19.162160	-6.421338	229.952250
18.258413	-6.426891	322.488016
19.933625	-6.172915	209.568886
21.363222	-7.727242	17.391553
18.478560	-4.801402	2576.800263
21.807260	-7.500594	17.101469
19.905916	-5.405513	584.366887
19.493459	-6.126618	309.121824
20.256782	-7.793539	29.946395
17.849230	-3.351559	2092.433411
20.126133	-5.791926	329.721148
19.016072	-5.636704	853.036540
21.058779	-6.820494	43.406575
19.882032	-1.343722	3659.764201
21.235091	-5.464840	317.011167
20.192544	-5.099647	735.871472
22.732953	-5.383518	260.973330
20.443121	-4.389881	1523.793408
20.123437	-4.705137	1355.703231
18.967709	-5.276404	1266.075263
22.593795	-7.421063	16.234032
21.204487	-5.873283	165.229929
21.465723	-4.841369	705.776868
19.549491	-2.664234	1285.613204
19.528608	-3.548145	1745.939734
18.844575	-3.002364	1381.146209
20.844329	-4.459780	1283.321080
19.777677	-3.954863	1905.029446
21.538177	-6.664363	44.674202
20.308154	-1.003599	3231.450056
19.792936	-3.041652	1366.641230
18.464176	-2.785938	1351.519999
20.503340	-3.580055	1675.060108
21.168011	-2.815585	1444.281614
17.340906	-3.432708	2157.636832
18.993609	-3.478303	1885.333996
17.342011	-4.389061	3409.790591
18.079096	-4.770977	2962.567744
17.834185	-4.155243	3335.556469
18.810384	-4.434222	2741.209646
16.966575	-5.129194	2686.702280
17.544395	-4.598316	3397.353131
17.320110	-5.676894	1244.304055
17.428301	-4.830257	3120.773219
17.798197	-5.789411	1062.566178
18.685417	-5.803904	779.260890
17.870527	-5.134105	2418.559640
18.045361	-5.504713	1571.391866
17.863031	-4.502051	3375.021414
17.452028	-4.106510	3277.080782
18.640334	-5.184956	1681.465128
18.415704	-5.525139	1308.247695
19.564052	-5.391888	793.282366
19.293938	-5.103979	1318.751859
16.841928	-6.619690	334.123686
16.740096	-7.430859	130.690225
18.662039	-0.893525	4125.417581
18.486937	-0.476625	3084.129562
19.160246	-0.848977	4256.884721
18.431945	-1.244731	4282.861699
19.380128	-1.239204	3898.540255
19.984031	-1.945424	1971.385380
19.553294	-0.243097	1715.885617
18.380341	-2.013701	2150.502408
18.968455	-2.340094	1405.016025
20.290144	-3.082990	1409.554524
20.894786	-1.740373	2411.729566
17.882637	-2.008616	2469.514669
20.042878	-0.243097	2382.724968
18.026853	-2.897745	1536.439311
20.220972	-6.562180	94.304863
20.495776	-7.440985	30.859834
21.943975	-5.410816	273.613762
22.358527	-6.106636	90.802320
20.709370	-6.470119	82.916856
23.564262	-6.210630	71.673710
22.518035	-6.542959	47.874305
21.590815	-6.164809	96.898865
22.996935	-7.447152	15.196973
21.879818	-6.991909	25.566674
23.184742	-6.709988	34.911311
23.302620	-5.962868	102.327234
22.701755	-5.840498	124.984034
22.256538	-7.773352	14.431559
22.343436	-6.912378	25.667295
24.977547	-6.618481	26.371230
25.838418	-6.503669	20.461928
22.344616	-5.130081	401.312639
21.989084	-5.930392	130.380709
24.477215	-6.027246	86.550951
21.730940	-3.940219	1729.939866
21.970871	-4.511996	1209.547031
21.640513	-4.559866	1110.602269
22.344061	-4.021846	1849.993441
21.467056	-4.185762	1493.825504
23.453246	-5.575619	177.856285
21.524962	-2.424011	1500.749998
21.105879	-4.105101	1556.849996
21.030716	-4.821944	779.180075
20.952810	-3.669821	1713.896898
20.255201	-3.945435	1770.806825
20.574761	-5.308982	476.218989
21.576310	-5.236791	391.427651
21.707365	-3.509720	1885.536690
21.290413	-3.319984	1738.278812
20.506548	-5.733535	288.243626
20.802439	-6.022462	156.909310
22.176624	-2.911020	1616.690235
20.617213	-2.668357	1400.348099
25.451665	-6.829129	15.218381
23.305512	-7.799441	12.502177
25.444174	-5.755062	112.279626
23.746937	-7.527649	12.810013
23.177103	-3.829596	2677.580649
20.365523	-0.482181	1923.900945
21.970716	-2.512642	1439.860955
20.480557	-2.126120	1778.885561
23.810322	-6.819671	29.141003
22.895943	-3.070542	2030.767673
22.324204	-2.139615	1598.235657
24.161634	-6.682161	32.773831
22.308138	-0.478110	1768.257408
22.268913	-1.636488	2837.808342
21.388393	-1.891036	2219.620945
21.778856	-1.476540	2782.336650
22.664660	-0.794431	2617.541490
21.614873	-0.208984	857.307531
22.678779	-1.280730	3573.866557
20.885145	-0.239084	1469.665767
20.824383	-1.219554	3283.141526
21.660616	-1.013444	2446.285469
24.564961	-6.929821	20.423160
21.203143	-0.448068	1228.383562
21.199750	-0.907121	2405.620150
21.908801	-0.554392	1546.129967
24.446673	-3.608826	3347.464935
24.191425	-7.728207	10.355161
24.177157	-6.227164	62.848095
24.626346	-7.448806	10.827747
25.097184	-5.818088	112.617711
25.153671	-7.720599	7.668534
25.566404	-7.412261	7.222998
25.781410	-6.022000	57.613030
23.608654	-3.644202	3193.810550
19.206379	-2.043949	1737.482200
19.136129	-2.694787	1276.085141
22.312914	-4.703090	933.457820
24.933964	-5.016662	429.273223
23.037971	-2.228368	1532.924462
26.050354	-4.220589	1375.755953
26.679978	-6.312905	16.819922
26.328660	-6.691555	10.432176
29.008889	-6.687309	1.584500
26.100233	-7.691662	4.207640
27.861451	-0.785827	2793.314092
26.475736	-7.296416	3.539715
26.140248	-5.726468	82.914828
27.272001	-7.734950	0.422594
27.456807	-6.048971	16.174645
25.995552	-5.315571	190.086695
24.152558	-4.992113	628.484673
26.548574	-5.829487	51.539208
25.590056	-5.322436	213.483185
27.907738	-6.252568	8.627635
31.599421	-5.857269	107.121182
25.357301	-4.933190	445.518934
24.819729	-5.468935	201.203212
23.684597	-2.335300	1777.999019
27.753435	-5.259106	97.246623
26.215463	-4.933321	362.758517
26.716481	-4.950231	294.128877
24.469323	-5.613945	164.785242
24.874279	-6.170903	63.626212
25.312676	-3.883059	2824.883055
24.800901	-3.964242	2938.332063
24.121396	-5.397428	255.151515
23.002939	-6.072862	86.060332
24.566843	-4.358210	1833.956407
23.031851	-4.325563	1685.954949
23.865194	-6.040088	89.046039
23.817325	-5.623653	159.751491
22.924410	-6.495396	51.329676
23.230072	-7.065677	21.118851
23.657157	-7.146174	19.423291
23.524913	-6.535216	41.231064
25.597687	-4.213592	1614.557046
23.654944	-1.946430	2017.103020
28.912424	-6.115037	10.508508
27.113081	-6.402949	9.245078
23.140693	-1.456075	3267.170254
24.468343	-3.172955	2814.134045
23.184762	-5.228633	350.959296
23.355469	-4.731342	921.245151
23.284083	-2.909706	2068.691011
22.816090	-3.505503	2496.845952
23.988080	-3.862782	3126.091746
26.904896	-5.435499	94.550573
23.336804	-2.518990	1670.021909
22.601117	-2.801423	1628.817689
22.423494	-3.641241	2232.890685
22.591407	-4.382076	1498.046208
23.839578	-4.652284	1105.473383
26.062836	-3.210547	1983.247150
23.521793	-1.106627	3059.696229
24.036878	-2.941983	2516.218400
23.878179	-0.269553	1823.338164
23.236145	-1.866690	2055.904825
22.078853	-3.315876	2004.390081
22.022996	-4.126981	1630.006960
27.463317	-4.499384	573.730897
24.032973	-2.508726	1986.953540
26.034543	-2.692493	1522.970191
27.380026	-5.564939	53.923878
24.614720	-4.756357	816.747785
24.365358	-1.820967	2421.138108
24.061615	-4.265347	1964.321816
26.972049	-4.559993	611.357885
24.434831	-2.236327	2061.474729
24.843328	-2.924042	2412.424772
22.993376	-0.132702	1088.794819
23.896147	-1.275308	2810.418061
24.813721	-2.420670	2068.446211
23.933846	-1.704496	2415.625242
24.297687	-1.043456	2165.002007
24.657381	-0.288900	1697.683915
24.617278	-1.411126	2586.399066
25.419157	-1.818873	2678.566917
23.500326	-0.585875	1770.010528
25.112405	-0.461650	2713.070129
25.512684	-3.391093	2494.306548
25.261790	-3.019128	2199.294762
26.788999	-4.142956	1160.056497
25.551782	-2.615529	1777.236214
28.577466	-3.204617	1687.142694
25.275532	-2.257304	1999.458765
26.000749	-1.260675	4153.533747
25.913357	-0.172749	2813.620992
25.069586	-1.370778	3012.862033
24.301186	-0.558454	1285.397617
26.438153	-0.635708	2955.866838
26.314028	-2.399725	1395.886052
25.895302	-1.697894	2760.288223
25.771442	-0.917180	4281.653109
29.929281	-3.833110	1392.539171
26.057007	-0.472526	2656.692785
27.981082	-2.510420	1525.874605
27.490351	-0.194482	2829.347703
27.001671	-7.339703	1.429153
27.287698	-6.824886	3.005741
29.507812	-6.922512	1.129989
27.804260	-6.736743	2.353186
28.150070	-7.800024	0.133788
29.065171	-7.748046	0.163398
28.544807	-7.064681	0.462062
30.312743	-7.341211	2.142779
28.043303	-7.051585	0.576895
29.487410	-7.499860	0.439209
30.760662	-7.346745	5.943162
31.189046	-5.963398	60.520834
30.831259	-5.703517	76.062685
30.765092	-5.275132	185.479447
31.078490	-7.757349	8.172085
30.010229	-6.763862	2.961435
31.563974	-7.491309	12.971251
29.984738	-7.751814	0.763045
32.867639	-6.609202	53.574321
31.956127	-6.667190	36.848955
31.072603	-6.814851	14.104994
31.973376	-6.184181	79.888822
33.309677	-6.800540	43.450674
31.552999	-6.959415	18.491332
32.430173	-6.913198	34.477240
32.730486	-5.092553	509.628722
31.985484	-7.733961	15.799948
31.531292	-3.798005	2778.125952
32.448555	-7.448074	22.085954
32.426095	-5.912683	129.897302
32.931821	-7.714113	22.140101
33.355477	-7.370575	26.515140
32.359474	-5.440492	254.298507
31.667250	-4.910533	529.859047
32.846312	-6.091697	106.438015
31.848311	-5.382096	247.435427
33.325439	-5.763472	177.420012
33.276234	-5.236519	427.108116
33.721655	-6.500633	62.294307
34.552439	-4.489322	1023.935819
33.687272	-4.855258	815.529689
32.881811	-3.662947	2635.138148
32.067413	-4.466941	1207.730593
31.132608	-4.846295	467.838502
33.758745	-5.981070	121.101381
35.676750	-1.190972	1703.555745
32.619486	-4.590565	1097.212464
33.565624	-4.298029	1458.713893
34.261633	-4.920055	693.345463
33.929986	-3.997808	1411.658474
36.560279	-5.622949	189.303307
40.736238	-0.309504	769.392606
30.514953	-5.955955	38.314617
30.171014	-6.402698	12.814229
33.043586	-4.177302	1846.700968
31.971476	-3.995233	2397.012901
31.618378	-3.255252	3644.550544
31.133524	-3.967051	1875.484564
31.232818	-2.503107	2480.974621
30.946237	-4.398353	934.755949
33.266337	-3.189242	1968.348545
30.740403	-3.691801	2103.479341
33.001539	-2.675615	1735.492922
29.674488	-1.455550	2452.535054
30.366475	-3.944101	1403.016541
28.575759	-5.024530	136.859061
32.116871	-3.146517	3546.042263
27.983266	-3.804384	1077.444696
30.752021	-3.254440	2966.715612
30.464114	-4.368657	846.383923
32.361774	-3.604502	3177.648030
32.960879	-1.704665	897.030051
33.991048	-1.529618	795.683432
30.940637	-6.414582	27.101850
28.450083	-2.453935	1824.903112
34.137015	-2.894473	585.759568
32.937380	-0.857743	1699.164221
30.120081	-6.021527	31.221232
28.631782	-2.037134	2082.920981
27.147968	-0.958813	3393.146320
31.232228	-2.986936	3404.881939
29.832378	-3.339912	2132.642198
26.983039	-1.322388	2908.856994
30.281190	-3.013542	2782.523975
29.383425	-3.197445	2035.017066
28.921068	-3.973598	942.265134
30.114845	-4.694560	427.045995
30.229452	-5.153093	173.346445
29.256272	-4.217070	654.237051
28.242062	-5.433730	62.386751
29.900748	-5.647050	62.725979
30.565886	-6.337126	23.638967
29.094778	-1.966246	2420.328811
28.098938	-3.327449	1451.161813
27.721700	-2.172358	1458.332079
28.420540	-4.161455	712.887351
28.962322	-3.493694	1543.567036
27.770670	-2.962063	1453.984290
27.151931	-3.799715	1275.889553
28.298957	-4.615890	306.023523
29.344198	-4.653964	353.210245
27.546807	-3.982736	989.817122
26.955834	-3.362000	1536.651669
26.411885	-3.465879	1803.761651
26.361034	-4.000241	1578.717291
27.778192	-4.775466	265.398186
28.319584	-5.943161	17.644173
29.352799	-5.614599	43.912894
29.093657	-5.033522	131.662332
29.745403	-4.562081	498.319475
29.657477	-4.125187	786.368706
25.557127	-4.609450	849.772432
26.009794	-4.616447	782.010666
23.105106	-0.449024	1627.152761
22.503793	-0.132702	966.870662
25.423774	-0.172749	3344.113897
25.316423	-0.906304	3980.551853
26.388109	-1.151952	3671.383450
27.575486	-1.040491	2902.207651
26.810611	-1.999414	1564.195281
27.607287	-1.464813	2090.646084
28.558538	-0.427698	2822.087834
28.568670	-1.211638	2805.390415
26.642797	-1.410233	3060.533955
27.893153	-1.735941	1769.465845
26.570550	-1.776980	2051.552763
27.231521	-1.605261	2090.552276
26.210414	-1.955919	1957.084805
27.131342	-1.915539	1577.499221
26.710635	-2.401406	1312.536626
27.214581	-2.965245	1374.988568
27.335653	-2.211508	1347.644443
27.038947	-2.552752	1260.009330
26.857770	-0.530414	3582.935569
28.334235	-1.657203	2180.604333
28.718199	-2.782746	1929.034277
29.215768	-2.749040	2204.878719
30.307346	-2.499172	2572.111140
29.410648	-2.349342	2446.507145
29.025803	-1.207803	3188.866624
29.254363	-1.582480	2596.260648
28.237621	-0.173735	3454.584274
31.553652	-0.603973	1851.804027
29.726476	-0.214199	4211.816827
30.007333	-1.698212	2244.612140
29.320295	-0.881935	3128.221331
30.435285	-0.195958	4033.767977
29.313018	-0.468161	3256.580952
29.721278	-1.041110	2504.370481
30.503870	-1.418117	1972.506105
30.778766	-2.256241	2065.184301
30.746924	-0.544503	2165.029016
30.039911	-0.823294	2576.673759
31.372496	-1.589785	1201.911965
30.052386	-0.410157	2614.814450
30.489657	-0.957640	2308.459743
27.000767	-0.194482	3005.694191
27.821722	-0.368218	2796.656142
28.961541	-0.253963	2354.191303
28.353475	-0.845307	3114.526427
31.610239	-2.144543	1746.446518
30.871036	-1.685210	1391.298913
32.116307	-2.197020	1862.816055
31.155389	-0.348544	3738.528605
32.372111	-2.691334	2597.815089
33.275017	-2.168763	786.798139
31.660860	-1.164984	1396.620473
32.431598	-1.717203	1176.659622
34.461411	-0.452845	1083.290057
33.051874	-0.434259	1874.547564
32.213894	-1.239924	1240.525915
31.976388	-0.255429	2478.913149
34.417211	-1.254551	1225.880995
33.858957	-2.044059	434.692367
32.686891	-0.186078	1518.664399
35.068854	-2.644234	258.588111
37.088054	-1.748583	875.077675
33.645707	-1.169794	1084.833975
33.199478	-1.220137	1211.282394
33.850685	-0.800762	1360.406314
34.996078	-1.863104	551.443191
34.133134	-0.179440	1175.097393
32.350780	-0.441507	1562.587479
33.411857	-0.248180	1306.138311
32.481078	-0.864992	1615.540147
36.592547	-2.371018	370.572391
35.253456	-1.023419	1613.321319
33.763741	-0.427620	1358.010985
34.843902	-0.273405	933.594717
34.303564	-0.825987	1306.422938
36.745216	-0.491735	965.222917
36.358920	-0.237499	581.821946
34.857087	-1.388478	1159.657308
35.824024	-1.678753	1183.619644
34.744760	-2.268643	289.878134
34.342440	-4.124304	1206.943482
35.622318	-0.242945	815.167787
34.232345	-2.408194	324.611413
35.557735	-2.462353	259.257290
36.273037	-1.658896	1190.084300
37.160177	-1.294802	1585.758193
33.763111	-3.228202	1206.933951
35.996862	-0.480445	954.249242
34.521475	-3.165353	572.257467
35.539721	-1.985826	522.598787
36.741883	-0.978946	1369.633723
36.176075	-3.590412	386.957532
35.876570	-2.753321	235.462792
36.014058	-0.921403	1485.364971
36.372782	-1.165669	1520.880369
36.570015	-1.925955	768.204932
37.105046	-0.254236	781.524229
33.963031	-3.610078	1220.691881
34.400745	-3.522204	916.795237
35.965471	-4.482779	706.027565
37.649629	-3.299706	432.697316
35.728326	-3.343945	332.038506
37.515975	-0.503943	733.905364
36.952309	-3.212043	337.735887
35.281534	-3.463407	454.640831
35.354256	-5.205676	379.898610
37.557649	-4.921828	413.156960
37.574439	-1.057298	1666.935231
38.893957	-1.980408	744.611892
37.864053	-0.249708	279.529335
36.330102	-2.702001	252.595807
37.326970	-2.097452	515.884153
27.797071	-7.534974	0.262358
28.621491	-7.548070	0.170339
34.727817	-7.299735	20.124942
34.731931	-6.692433	42.328198
34.589387	-3.800752	999.426071
34.940898	-3.054664	380.716049
35.076212	-4.328657	957.400415
35.050753	-3.852643	807.048470
35.282513	-6.187051	89.957085
36.575311	-6.904348	24.197894
40.434609	-2.631402	440.757797
38.334734	-0.497460	2975.975640
37.998772	-1.249582	1843.436244
38.902972	-0.247752	625.856298
38.653887	-2.357892	604.634373
39.279720	-2.017969	726.063929
38.291473	-2.352556	551.828338
39.440530	-0.516504	910.970145
39.280046	-1.037621	990.031047
38.410989	-0.943980	2205.658879
38.818743	-1.215389	1047.780953
37.990645	-3.356237	498.915895
40.006677	-2.691174	470.661890
39.663368	-1.318749	1157.267749
39.949016	-0.268752	963.979079
39.844297	-3.043542	504.855203
40.916048	-1.443078	1111.848300
40.169465	-1.107136	1344.010872
40.294629	-0.578256	1065.262615
41.351890	-2.216921	468.657804
39.430026	-2.406630	589.883920
40.450551	-1.438630	1160.412257
38.607442	-3.070946	528.886758
39.444274	-3.096034	530.799792
35.779714	-5.504123	246.365719
34.050488	-7.792318	17.517763
34.196013	-5.788577	162.167667
34.551358	-7.044522	29.057522
34.446153	-5.342180	321.557737
34.528829	-6.091909	110.147035
34.941888	-5.441537	263.903373
34.086383	-6.663002	48.038946
35.153806	-6.610664	45.181721
35.292433	-7.633539	14.279357
39.256536	-5.792874	100.413480
34.933178	-5.913958	137.642607
35.716681	-6.013077	116.706576
36.521633	-7.411228	13.297258
36.218363	-5.329518	300.067703
35.396873	-6.956426	25.861445
36.968727	-5.483399	218.443609
36.751697	-4.740435	547.828549
35.451414	-4.624103	752.236360
36.105545	-6.269941	71.787854
37.135884	-6.105079	77.264998
36.873239	-6.677553	35.015903
39.774825	-4.129794	617.309733
37.825779	-5.331215	229.600253
37.071545	-5.040656	392.579824
39.409592	-4.410386	583.390905
37.230081	-4.009417	620.104768
37.681232	-4.388844	629.229824
36.268801	-4.044564	622.672770
38.159023	-4.192411	659.909509
38.236416	-3.689160	591.107776
36.306963	-4.889747	527.875838
36.786650	-4.242180	651.803980
38.661442	-3.494880	581.452528
38.100974	-2.676192	480.085790
39.365428	-3.503542	590.437590
39.235041	-2.769203	538.804407
39.024517	-4.214300	637.060502
39.996655	-4.910899	374.545452
39.009624	-3.705926	626.389868
40.389466	-3.445907	550.133946
38.598942	-4.506505	586.520914
39.745555	-3.731324	608.661507
40.144638	-4.401684	566.046232
36.127648	-6.703725	33.156104
38.290887	-5.396053	196.662561
39.186644	-5.235799	252.310837
40.023555	-3.427656	556.541608
40.638140	-3.002021	470.554830
38.650948	-5.042183	324.380916
39.519712	-4.896207	402.136609
40.276568	-1.896907	698.414481
39.599331	-1.753533	849.242267
43.647644	-3.003309	3547.133089
40.481140	-4.234371	606.583874
39.801639	-2.381093	552.248273
39.931445	-2.000197	680.304700
39.580171	-7.796400	4.913298
40.842933	-4.415039	548.024903
38.680611	-1.633611	880.406329
38.844666	-2.758026	544.512698
38.165184	-1.665849	918.450864
37.757944	-2.613672	436.314681
38.016116	-2.007311	611.574982
37.674358	-2.177416	498.606425
37.542118	-2.875397	384.644384
38.226164	-2.994448	492.101551
37.174476	-2.818061	342.485851
37.276204	-3.540158	445.782982
37.042913	-2.476371	376.052617
36.558302	-3.201337	299.392012
41.346729	-2.749435	483.247343
40.575513	-3.783597	618.377444
33.828311	-7.448780	22.874488
34.545876	-7.639866	16.325245
34.456288	-6.446771	59.987053
34.147239	-7.041114	31.041225
34.901638	-7.847547	14.017750
36.886383	-7.711188	8.709715
38.171570	-7.448257	7.459781
35.151457	-7.293408	18.866819
36.510494	-6.054418	95.406972
35.765795	-7.785992	12.709776
38.404406	-5.876502	87.538642
38.834360	-6.079707	61.298626
38.062483	-6.208566	54.864040
38.934338	-7.796400	4.754838
39.006455	-6.928856	11.839328
41.481804	-4.842817	380.249983
37.426576	-6.333645	54.853366
38.733537	-6.555727	25.772072
37.359575	-7.491881	8.491710
38.223328	-6.614444	25.982889
38.674383	-7.463965	6.494580
40.491333	-6.025726	63.217973
41.301477	-5.974862	64.845900
37.993432	-6.971865	13.226949
39.556695	-6.900439	12.254096
40.779107	-7.731862	6.776650
39.870457	-7.435548	6.925371
37.504354	-7.015489	14.122589
40.364960	-6.459895	29.264724
37.785692	-7.780693	6.643158
40.239377	-5.263925	197.177866
41.416146	-4.011509	666.324753
41.739211	-5.190439	226.381165
41.126546	-3.465138	610.409722
41.005834	-4.856080	361.416159
41.657733	-4.326524	606.154709
40.881219	-5.772690	92.107519
41.300956	-7.450162	7.714688
43.353420	-4.602598	657.425598
42.252797	-3.092783	942.900824
35.818931	-6.996596	22.365652
37.287256	-6.708040	29.292742
36.046878	-7.486031	14.524841
37.718433	-6.122087	73.384330
36.830525	-6.261407	63.654213
37.595248	-5.725186	131.951751
37.224300	-5.758541	132.320845
39.699121	-5.980048	64.346916
40.756204	-5.253168	192.880080
40.641862	-6.813039	15.287799
41.355310	-7.028853	13.351772
40.106626	-5.720136	93.170390
39.832895	-6.482757	27.908301
40.423559	-7.371009	8.053676
42.972612	-7.429601	9.279380
42.291686	-7.025032	12.666025
41.051764	-6.752582	17.268412
41.631871	-6.704142	19.397627
41.328325	-6.427871	27.338941
43.422952	-7.397934	9.269527
43.449237	-6.455598	25.061720
42.582357	-3.657987	1296.068414
41.683163	-1.057522	1647.769151
42.202734	-5.094763	263.509305
43.788743	-6.109962	42.112722
41.683955	-5.688347	108.500295
42.801840	-5.615707	124.641138
43.007612	-6.469033	25.635189
42.754514	-6.110693	52.518380
42.381022	-5.475039	143.057919
43.189919	-3.613219	1991.422988
43.649937	-4.812542	478.399736
42.754192	-4.576016	674.113459
45.039556	-1.175920	7396.058556
41.799083	-1.979215	624.764495
42.021219	-6.650443	21.463877
42.081078	-5.852185	89.378130
43.016933	-4.861561	488.394493
43.453365	-3.917779	1871.257291
42.567476	-2.172156	866.537970
41.948568	-1.441805	1348.424131
42.885562	-2.937887	1636.227200
41.479750	-0.228017	1153.550885
42.156345	-2.348611	645.176512
43.344957	-1.734502	1263.580952
41.692583	-2.943187	607.887792
42.912725	-4.200596	1073.129500
43.616554	-1.354508	1292.525215
42.966710	-0.246137	1708.603310
44.802505	-0.422121	3095.733821
42.648633	-1.722077	1173.226773
41.090988	-0.537520	1536.462760
43.824945	-5.642492	114.096570
43.289590	-4.259771	1145.606571
43.090601	-5.323600	246.088481
43.358196	-2.184855	1691.175616
44.614265	-6.183756	28.813807
44.053324	-1.330642	1384.623608
42.584997	-0.542314	1941.371294
42.914969	-2.461871	1264.381317
40.574694	-2.218031	508.679748
41.029129	-3.054248	496.743215
40.921605	-3.750601	633.234917
42.055005	-2.780067	685.523808
41.077316	-4.086759	635.317063
41.465237	-3.602794	691.052806
41.713673	-3.385655	740.397398
42.024263	-3.466114	906.783592
42.221723	-3.800893	1006.470561
42.563677	-3.182176	1291.146763
42.087928	-4.230501	721.895478
42.375520	-4.651117	528.288694
44.582575	-2.701623	7626.336656
44.245797	-7.536758	5.575336
43.831481	-3.819250	2426.179197
46.683703	-6.403279	5.587515
44.024702	-4.638749	635.106305
42.851781	-3.832936	1490.809448
43.242381	-3.193981	2466.822661
43.973298	-3.324017	4059.652729
44.423348	-3.195090	5298.985580
43.734053	-2.470199	3415.923490
44.130848	-4.150718	1421.438074
44.908695	-1.670967	7321.112756
46.677083	-7.666667	0.013404
44.723962	-3.560416	3032.821001
43.713975	-7.750074	6.661332
44.202450	-6.363983	26.023168
45.502657	-7.816735	1.232138
44.097108	-6.811833	14.533125
44.310432	-5.418347	141.624057
43.662446	-6.909490	14.763769
44.625572	-7.786684	3.427221
45.555618	-7.112392	1.849957
44.389436	-7.086961	8.065914
45.815524	-3.891471	958.601401
44.846411	-6.935388	6.722343
45.142929	-7.201920	3.006570
45.065729	-7.603419	2.289488
46.105583	-5.073197	110.434043
44.965899	-6.480033	12.817691
44.686045	-5.705590	70.303691
45.474713	-6.333109	10.982004
45.581878	-5.797127	34.479838
45.111093	-2.603260	8847.402434
45.403381	-3.035574	4119.763327
44.760576	-4.765704	401.191814
44.573279	-4.020811	1595.370046
45.148451	-5.004603	232.419113
45.420639	-3.893684	1263.523093
44.846353	-4.334803	789.227211
45.175477	-3.499263	2704.794566
45.144844	-5.465884	83.446519
45.242199	-4.268829	727.942636
46.482024	-5.871346	23.086034
45.448284	-4.690211	362.907522
46.044149	-3.545779	1297.052504
46.502457	-3.717542	902.480703
44.381355	-4.939743	336.128553
43.521103	-5.337681	243.672733
44.375155	-1.782758	4060.477268
45.767914	-6.698937	3.022017
45.280991	-2.087285	10476.004253
46.496062	-4.181534	475.289213
44.218933	-2.297440	5228.261422
46.135813	-2.253957	2744.359403
46.567051	-5.010678	108.449084
45.788362	-1.935029	8475.162101
44.443074	-0.187913	3345.332518
46.197032	-0.276265	3451.583168
45.577296	-0.510473	3599.254781
45.914627	-1.367181	8214.954726
46.443390	-1.186597	1646.498056
44.105021	-0.465052	2149.993141
46.042563	-4.272513	504.485274
46.593814	-2.911465	1383.311946
45.853764	-4.696108	275.449926
46.768730	-4.542611	229.450502
46.020556	-5.600531	44.497862
46.775126	-3.411952	1114.808349
46.798321	-5.468067	49.939979
46.818688	-2.499512	1182.355434
45.877168	-3.084302	2380.498575
46.575463	-2.076511	1225.021794
46.154164	-2.755578	2100.973150
44.272243	-0.892847	1472.910134
46.756775	-1.576999	709.663547
45.156306	-0.234208	1188.118201
44.724934	-0.849916	2319.562289
45.538116	-1.024390	12928.572713
46.686615	-0.609598	473.739720
42.246917	-6.221663	45.743220
41.709349	-7.718300	6.657195
42.617801	-7.781740	7.560936
42.770481	-6.954592	13.966301
41.186530	-1.070849	1556.226199
42.170900	-7.500041	7.936686
42.212038	-0.296177	1672.804961
41.832413	-0.524194	1201.920723
42.986329	-1.150443	1820.123668
43.724448	-0.277139	2433.825480
43.363032	-0.523276	2141.784076
43.338275	-0.974937	1807.987783
42.629374	-0.994959	2114.204158
42.386986	-1.361121	1642.286406
42.982887	-1.561438	1337.508940
46.329928	-7.363824	0.203700
45.801335	-7.513892	0.739424
46.336547	-6.767103	1.437789
