48# Number of electrodes
# x z
0     0
1     0
2     0
3     0
4     0
5     0
6     0
7     0
8     0
9     0
10     0
11     0
12     0
13     0
14     0
15     0
16     0
17     0
18     0
19     0
20     0
21     0
22     0
23     0
24     0
25     0
26     0
27     0
28     0
29     0
30     0
31     0
32     0
33     0
34     0
35     0
36     0
37     0
38     0
39     0
40     0
41     0
42     0
43     0
44     0
45     0
46     0
47     0
909# Number of data
# a b m n rhoa
1	4	2	3	893.760
2	5	3	4	936.362
3	6	4	5	1285.543
4	7	5	6	1283.345
5	8	6	7	1568.108
6	9	7	8	1620.225
7	10	8	9	2337.867
8	11	9	10	3654.088
9	12	10	11	3400.887
10	13	11	12	4453.923
11	14	12	13	4035.620
12	15	13	14	3999.165
13	16	14	15	4542.093
14	17	15	16	4440.211
15	18	16	17	4684.933
16	19	17	18	4216.779
17	20	18	19	3645.806
18	21	19	20	3374.656
19	22	20	21	2489.840
20	23	21	22	2420.294
21	24	22	23	1550.411
22	25	23	24	1753.510
23	26	24	25	1977.608
24	27	25	26	1813.946
25	28	26	27	2707.455
26	29	27	28	2731.440
27	30	28	29	2681.784
28	31	29	30	2812.188
29	32	30	31	2589.707
30	33	31	32	2143.128
31	34	32	33	2128.973
32	35	33	34	1536.947
33	36	34	35	1320.790
34	37	35	36	1111.877
35	38	36	37	1018.165
36	39	37	38	940.352
37	40	38	39	784.755
38	41	39	40	1070.446
39	42	40	41	927.775
40	43	41	42	1019.235
41	44	42	43	1331.434
42	45	43	44	1640.834
43	46	44	45	1784.509
44	47	45	46	3048.313
45	48	46	47	3455.459
1	7	3	5	1013.569
2	8	4	6	1373.462
3	9	5	7	1585.748
4	10	6	8	1540.380
5	11	7	9	1883.422
6	12	8	10	2638.557
7	13	9	11	2821.062
8	14	10	12	2864.561
9	15	11	13	3365.493
10	16	12	14	3498.226
11	17	13	15	3337.691
12	18	14	16	3409.684
13	19	15	17	3775.802
14	20	16	18	3487.707
15	21	17	19	3297.353
16	22	18	20	2981.287
17	23	19	21	2831.509
18	24	20	22	2546.452
19	25	21	23	2204.200
20	26	22	24	2112.705
21	27	23	25	2171.098
22	28	24	26	2039.930
23	29	25	27	2144.818
24	30	26	28	2456.175
25	31	27	29	2221.057
26	32	28	30	2015.188
27	33	29	31	2017.195
28	34	30	32	1935.623
29	35	31	33	1749.838
30	36	32	34	1538.105
31	37	33	35	1292.278
32	38	34	36	1171.215
33	39	35	37	1111.304
34	40	36	38	914.343
35	41	37	39	789.624
36	42	38	40	988.118
37	43	39	41	1102.608
38	44	40	42	982.601
39	45	41	43	1129.334
40	46	42	44	1473.176
41	47	43	45	1717.715
42	48	44	46	2348.979
1	10	4	7	1291.535
2	11	5	8	1248.370
3	12	6	9	1413.552
4	13	7	10	1801.777
5	14	8	11	2282.249
6	15	9	12	2706.943
7	16	10	13	2805.286
8	17	11	14	2430.144
9	18	12	15	2368.569
10	19	13	16	2594.245
11	20	14	17	2693.482
12	21	15	18	2837.393
13	22	16	19	2879.817
14	23	17	20	2713.160
15	24	18	21	2601.117
16	25	19	22	2471.000
17	26	20	23	2247.363
18	27	21	24	2070.719
19	28	22	25	1892.197
20	29	23	26	1965.894
21	30	24	27	2055.921
22	31	25	28	2046.594
23	32	26	29	1973.515
24	33	27	30	1732.315
25	34	28	31	1607.706
26	35	29	32	1456.307
27	36	30	33	1471.252
28	37	31	34	1362.311
29	38	32	35	1253.516
30	39	33	36	1114.751
31	40	34	37	1029.225
32	41	35	38	909.106
33	42	36	39	860.887
34	43	37	40	898.816
35	44	38	41	941.092
36	45	39	42	1033.422
37	46	40	43	1085.805
38	47	41	44	1261.013
39	48	42	45	1415.577
1	13	5	9	1038.372
2	14	6	10	1379.312
3	15	7	11	1716.634
4	16	8	12	1943.763
5	17	9	13	2075.167
6	18	10	14	1996.372
7	19	11	15	1900.460
8	20	12	16	1729.948
9	21	13	17	1831.907
10	22	14	18	1973.829
11	23	15	19	2313.392
12	24	16	20	2376.889
13	25	17	21	2278.751
14	26	18	22	2166.705
15	27	19	23	1862.479
16	28	20	24	1728.244
17	29	21	25	1670.244
18	30	22	26	1529.186
19	31	23	27	1711.699
20	32	24	28	1753.657
21	33	25	29	1631.302
22	34	26	30	1672.881
23	35	27	31	1428.581
24	36	28	32	1302.642
25	37	29	33	1223.069
26	38	30	34	1123.031
27	39	31	35	1109.467
28	40	32	36	1025.139
29	41	33	37	891.993
30	42	34	38	864.795
31	43	35	39	815.209
32	44	36	40	840.454
33	45	37	41	879.925
34	46	38	42	897.292
35	47	39	43	1033.509
36	48	40	44	1093.395
1	16	6	11	1214.657
2	17	7	12	1265.115
3	18	8	13	1423.417
4	19	9	14	1412.677
5	20	10	15	1418.700
6	21	11	16	1467.423
7	22	12	17	1417.306
8	23	13	18	1461.946
9	24	14	19	1532.304
10	25	15	20	1779.584
11	26	16	21	1866.366
12	27	17	22	1641.951
13	28	18	23	1505.779
14	29	19	24	1357.577
15	30	20	25	1282.495
16	31	21	26	1230.379
17	32	22	27	1244.892
18	33	23	28	1304.309
19	34	24	29	1349.198
20	35	25	30	1369.414
21	36	26	31	1410.005
22	37	27	32	1253.115
23	38	28	33	1093.526
24	39	29	34	1032.670
25	40	30	35	935.776
26	41	31	36	855.291
27	42	32	37	846.301
28	43	33	38	756.503
29	44	34	39	714.976
30	45	35	40	760.003
31	46	36	41	783.077
32	47	37	42	792.061
33	48	38	43	866.119
1	19	7	13	938.592
2	20	8	14	1009.872
3	21	9	15	1070.252
4	22	10	16	1082.536
5	23	11	17	1204.197
6	24	12	18	1212.981
7	25	13	19	1276.807
8	26	14	20	1271.291
9	27	15	21	1219.991
10	28	16	22	1193.403
11	29	17	23	1091.004
12	30	18	24	1049.886
13	31	19	25	992.874
14	32	20	26	904.358
15	33	21	27	889.451
16	34	22	28	913.066
17	35	23	29	1017.167
18	36	24	30	1072.547
19	37	25	31	1125.210
20	38	26	32	1192.075
21	39	27	33	1095.418
22	40	28	34	958.318
23	41	29	35	841.959
24	42	30	36	803.532
25	43	31	37	743.196
26	44	32	38	668.982
27	45	33	39	632.954
28	46	34	40	659.571
29	47	35	41	662.070
30	48	36	42	652.089
1	22	8	15	770.751
2	23	9	16	896.777
3	24	10	17	952.389
4	25	11	18	986.858
5	26	12	19	1011.778
6	27	13	20	974.486
7	28	14	21	891.826
8	29	15	22	801.333
9	30	16	23	716.774
10	31	17	24	691.026
11	32	18	25	698.154
12	33	19	26	651.643
13	34	20	27	686.270
14	35	21	28	678.063
15	36	22	29	689.123
16	37	23	30	787.375
17	38	24	31	878.363
18	39	25	32	924.916
19	40	26	33	981.849
20	41	27	34	909.453
21	42	28	35	830.824
22	43	29	36	762.298
23	44	30	37	672.361
24	45	31	38	627.849
25	46	32	39	573.317
26	47	33	40	554.933
27	48	34	41	558.120
1	25	9	17	769.108
2	26	10	18	795.577
3	27	11	19	738.262
4	28	12	20	697.017
5	29	13	21	650.142
6	30	14	22	598.350
7	31	15	23	552.913
8	32	16	24	473.908
9	33	17	25	418.749
10	34	18	26	444.671
11	35	19	27	482.590
12	36	20	28	531.504
13	37	21	29	525.240
14	38	22	30	561.032
15	39	23	31	639.848
16	40	24	32	691.201
17	41	25	33	754.013
18	42	26	34	803.864
19	43	27	35	760.109
20	44	28	36	703.030
21	45	29	37	654.157
22	46	30	38	591.834
23	47	31	39	543.382
24	48	32	40	487.985
1	28	10	19	553.063
2	29	11	20	509.986
3	30	12	21	417.754
4	31	13	22	432.243
5	32	14	23	367.884
6	33	15	24	361.613
7	34	16	25	353.815
8	35	17	26	301.235
9	36	18	27	314.101
10	37	19	28	366.828
11	38	20	29	397.402
12	39	21	30	429.666
13	40	22	31	459.024
14	41	23	32	520.408
15	42	24	33	568.186
16	43	25	34	602.233
17	44	26	35	641.015
18	45	27	36	626.843
19	46	28	37	581.052
20	47	29	38	527.293
21	48	30	39	484.908
1	31	11	21	359.322
2	32	12	22	277.919
3	33	13	23	260.533
4	34	14	24	271.588
5	35	15	25	261.434
6	36	16	26	269.653
7	37	17	27	272.503
8	38	18	28	262.830
9	39	19	29	291.328
10	40	20	30	335.629
11	41	21	31	345.948
12	42	22	32	415.178
13	43	23	33	437.087
14	44	24	34	455.511
15	45	25	35	483.979
16	46	26	36	507.955
17	47	27	37	481.915
18	48	28	38	439.511
1	34	12	23	193.348
2	35	13	24	206.594
3	36	14	25	153.824
4	37	15	26	222.148
5	38	16	27	225.663
6	39	17	28	227.247
7	40	18	29	234.157
8	41	19	30	234.001
9	42	20	31	271.114
10	43	21	32	268.520
11	44	22	33	313.527
12	45	23	34	386.762
13	46	24	35	371.420
14	47	25	36	387.863
15	48	26	37	363.739
1	37	13	25	174.901
2	38	14	26	148.180
3	39	15	27	152.575
4	40	16	28	206.781
5	41	17	29	195.575
6	42	18	30	220.758
7	43	19	31	216.918
8	44	20	32	223.306
9	45	21	33	261.760
10	46	22	34	266.745
11	47	23	35	291.170
12	48	24	36	315.372
1	40	14	27	149.906
2	41	15	28	159.259
3	42	16	29	150.333
4	43	17	30	189.278
5	44	18	31	169.547
6	45	19	32	202.905
7	46	20	33	180.385
8	47	21	34	181.727
9	48	22	35	205.421
1	43	15	29	158.382
2	44	16	30	150.556
3	45	17	31	133.105
4	46	18	32	163.076
5	47	19	33	150.273
6	48	20	34	147.758
1	46	16	31	105.353
2	47	17	32	113.553
3	48	18	33	102.022
1	2	4	3	945.067
2	3	5	4	1115.575
3	4	6	5	1004.004
4	5	7	6	1586.246
5	6	8	7	1333.881
6	7	9	8	1451.730
7	8	10	9	1951.703
8	9	11	10	3253.583
9	10	12	11	5954.279
10	11	13	12	4133.685
11	12	14	13	4222.849
12	13	15	14	4124.799
13	14	16	15	4316.149
14	15	17	16	5924.647
15	16	18	17	5051.511
16	17	19	18	4192.750
17	18	20	19	4081.903
18	19	21	20	3441.544
19	20	22	21	3083.529
20	21	23	22	1459.627
21	22	24	23	1670.815
22	23	25	24	1407.542
23	24	26	25	1382.545
24	25	27	26	2373.124
25	26	28	27	2221.287
26	27	29	28	3221.300
27	28	30	29	3496.492
28	29	31	30	2648.268
29	30	32	31	2680.097
30	31	33	32	2919.201
31	32	34	33	1845.674
32	33	35	34	1681.968
33	34	36	35	1367.134
34	35	37	36	1056.552
35	36	38	37	855.639
36	37	39	38	947.960
37	38	40	39	1125.062
38	39	41	40	638.707
39	40	42	41	933.079
40	41	43	42	1134.683
41	42	44	43	1194.856
42	43	45	44	1493.169
43	44	46	45	2126.119
44	45	47	46	2076.475
45	46	48	47	4166.713
1	2	5	4	792.119
2	3	6	5	1082.302
3	4	7	6	1248.225
4	5	8	7	1405.061
5	6	9	8	2001.240
6	7	10	9	2261.490
7	8	11	10	2160.003
8	9	12	11	3421.317
9	10	13	12	4530.300
10	11	14	13	3491.283
11	12	15	14	3517.129
12	13	16	15	4837.661
13	14	17	16	4622.296
14	15	18	17	4857.970
15	16	19	18	4337.465
16	17	20	19	4119.867
17	18	21	20	3261.160
18	19	22	21	3162.596
19	20	23	22	1986.421
20	21	24	23	1956.290
21	22	25	24	2024.857
22	23	26	25	1392.773
23	24	27	26	2456.367
24	25	28	27	2373.751
25	26	29	28	2205.184
26	27	30	29	2959.738
27	28	31	30	3113.701
28	29	32	31	2700.126
29	30	33	32	2583.597
30	31	34	33	2074.491
31	32	35	34	1616.856
32	33	36	35	1394.746
33	34	37	36	1093.848
34	35	38	37	914.975
35	36	39	38	892.739
36	37	40	39	1180.262
37	38	41	40	833.613
38	39	42	41	617.854
39	40	43	42	1243.643
40	41	44	43	1260.525
41	42	45	44	1177.709
42	43	46	45	1780.051
43	44	47	46	2037.984
44	45	48	47	2608.289
1	2	6	5	877.738
2	3	7	6	1294.817
3	4	8	7	1077.408
4	5	9	8	2031.946
5	6	10	9	2631.354
6	7	11	10	2644.348
7	8	12	11	2295.526
8	9	13	12	2751.178
9	10	14	13	3787.851
10	11	15	14	3600.569
11	12	16	15	4223.057
12	13	17	16	4976.401
13	14	18	17	3880.063
14	15	19	18	4157.159
15	16	20	19	4150.169
16	17	21	20	3546.823
17	18	22	21	3140.667
18	19	23	22	2254.468
19	20	24	23	2608.687
20	21	25	24	2333.906
21	22	26	25	2010.082
22	23	27	26	2250.580
23	24	28	27	2537.477
24	25	29	28	2289.834
25	26	30	29	2113.862
26	27	31	30	2813.451
27	28	32	31	2716.697
28	29	33	32	2439.682
29	30	34	33	1874.316
30	31	35	34	1840.713
31	32	36	35	1353.767
32	33	37	36	1242.566
33	34	38	37	923.645
34	35	39	38	902.155
35	36	40	39	1185.780
36	37	41	40	899.579
37	38	42	41	708.927
38	39	43	42	776.600
39	40	44	43	1268.425
40	41	45	44	1121.868
41	42	46	45	1328.689
42	43	47	46	1691.616
43	44	48	47	2455.933
1	2	7	6	1065.807
2	3	8	7	1114.771
3	4	9	8	1407.187
4	5	10	9	2618.736
5	6	11	10	2825.315
6	7	12	11	2518.802
7	8	13	12	1862.121
8	9	14	13	2900.540
9	10	15	14	3829.054
10	11	16	15	4298.845
11	12	17	16	5269.838
12	13	18	17	5087.277
13	14	19	18	3592.959
14	15	20	19	3803.765
15	16	21	20	3251.530
16	17	22	21	3211.109
17	18	23	22	2154.863
18	19	24	23	2784.106
19	20	25	24	2822.676
20	21	26	25	2183.420
21	22	27	26	3038.620
22	23	28	27	2133.284
23	24	29	28	2353.198
24	25	30	29	2210.095
25	26	31	30	2074.700
26	27	32	31	2440.649
27	28	33	32	2478.713
28	29	34	33	1719.592
29	30	35	34	1607.189
30	31	36	35	1441.991
31	32	37	36	1207.193
32	33	38	37	1048.559
33	34	39	38	848.977
34	35	40	39	1114.062
35	36	41	40	895.172
36	37	42	41	772.319
37	38	43	42	865.594
38	39	44	43	794.811
39	40	45	44	1075.567
40	41	46	45	1260.783
41	42	47	46	1282.866
42	43	48	47	2024.701
1	2	8	7	948.940
2	3	9	8	1569.445
3	4	10	9	1675.646
4	5	11	10	2519.740
5	6	12	11	2916.116
6	7	13	12	2500.556
7	8	14	13	1813.965
8	9	15	14	1569.792
9	10	16	15	4138.977
10	11	17	16	4246.117
11	12	18	17	3008.198
12	13	19	18	3689.281
13	14	20	19	3040.037
14	15	21	20	3147.310
15	16	22	21	3386.364
16	17	23	22	2337.347
17	18	24	23	2587.056
18	19	25	24	2845.949
19	20	26	25	2499.035
20	21	27	26	3144.710
21	22	28	27	2774.441
22	23	29	28	1853.036
23	24	30	29	2190.601
24	25	31	30	2076.620
25	26	32	31	1866.555
26	27	33	32	2301.451
27	28	34	33	1622.683
28	29	35	34	1424.525
29	30	36	35	1362.127
30	31	37	36	1347.871
31	32	38	37	962.322
32	33	39	38	937.318
33	34	40	39	1070.599
34	35	41	40	866.475
35	36	42	41	760.666
36	37	43	42	916.501
37	38	44	43	842.557
38	39	45	44	735.776
39	40	46	45	1342.011
40	41	47	46	1234.380
41	42	48	47	1484.697
1	3	9	7	1213.847
2	4	10	8	1616.950
3	5	11	9	2295.941
4	6	12	10	2732.206
5	7	13	11	2536.584
6	8	14	12	1987.222
7	9	15	13	2127.533
8	10	16	14	3220.117
9	11	17	15	4199.763
10	12	18	16	4277.657
11	13	19	17	4093.428
12	14	20	18	3526.627
13	15	21	19	3252.814
14	16	22	20	3146.162
15	17	23	21	2879.837
16	18	24	22	2373.832
17	19	25	23	2728.012
18	20	26	24	2717.561
19	21	27	25	2659.121
20	22	28	26	2965.737
21	23	29	27	2246.160
22	24	30	28	2104.109
23	25	31	29	2149.482
24	26	32	30	1990.103
25	27	33	31	2158.813
26	28	34	32	2116.404
27	29	35	33	1597.140
28	30	36	34	1449.406
29	31	37	35	1366.347
30	32	38	36	1154.923
31	33	39	37	987.892
32	34	40	38	974.108
33	35	41	39	1004.937
34	36	42	40	831.927
35	37	43	41	817.419
36	38	44	42	877.528
37	39	45	43	780.602
38	40	46	44	1022.657
39	41	47	45	1271.865
40	42	48	46	1331.198
1	3	11	9	1873.488
2	4	12	10	1764.932
3	5	13	11	2010.073
4	6	14	12	1746.491
5	7	15	13	1674.307
6	8	16	14	1537.916
7	9	17	15	2125.336
8	10	18	16	2999.928
9	11	19	17	3183.123
10	12	20	18	2960.827
11	13	21	19	2727.846
12	14	22	20	2246.900
13	15	23	21	2049.530
14	16	24	22	1973.944
15	17	25	23	2512.396
16	18	26	24	2496.204
17	19	27	25	2801.951
18	20	28	26	3281.258
19	21	29	27	2652.049
20	22	30	28	2196.964
21	23	31	29	1739.994
22	24	32	30	1682.773
23	25	33	31	1678.895
24	26	34	32	1398.415
25	27	35	33	1309.671
26	28	36	34	1258.765
27	29	37	35	1072.467
28	30	38	36	1034.267
29	31	39	37	966.612
30	32	40	38	997.201
31	33	41	39	1022.467
32	34	42	40	780.586
33	35	43	41	730.244
34	36	44	42	813.164
35	37	45	43	825.122
36	38	46	44	811.517
37	39	47	45	828.762
38	40	48	46	1147.743
1	3	13	11	1131.017
2	4	14	12	1303.684
3	5	15	13	1089.554
4	6	16	14	1329.961
5	7	17	15	1714.170
6	8	18	16	1284.456
7	9	19	17	1042.335
8	10	20	18	1443.642
9	11	21	19	1956.433
10	12	22	20	1802.274
11	13	23	21	1766.980
12	14	24	22	1327.597
13	15	25	23	1758.649
14	16	26	24	1915.288
15	17	27	25	2456.263
16	18	28	26	2879.587
17	19	29	27	2556.083
18	20	30	28	2219.053
19	21	31	29	1871.045
20	22	32	30	1603.004
21	23	33	31	1198.007
22	24	34	32	1055.504
23	25	35	33	879.668
24	26	36	34	820.704
25	27	37	35	804.630
26	28	38	36	795.150
27	29	39	37	664.014
28	30	40	38	773.073
29	31	41	39	908.865
30	32	42	40	744.083
31	33	43	41	699.040
32	34	44	42	802.320
33	35	45	43	733.741
34	36	46	44	695.191
35	37	47	45	824.608
36	38	48	46	888.251
1	3	15	13	1211.774
2	4	16	14	1214.542
3	5	17	15	1316.717
4	6	18	16	1024.050
5	7	19	17	1202.398
6	8	20	18	627.798
7	9	21	19	723.966
8	10	22	20	1157.531
9	11	23	21	680.991
10	12	24	22	1317.912
11	13	25	23	1291.034
12	14	26	24	1215.904
13	15	27	25	1652.490
14	16	28	26	2141.340
15	17	29	27	2130.784
16	18	30	28	1858.037
17	19	31	29	1710.032
18	20	32	30	1525.531
19	21	33	31	1199.437
20	22	34	32	923.470
21	23	35	33	610.373
22	24	36	34	569.720
23	25	37	35	533.934
24	26	38	36	439.177
25	27	39	37	545.703
26	28	40	38	607.048
27	29	41	39	627.159
28	30	42	40	570.789
29	31	43	41	874.544
30	32	44	42	853.696
31	33	45	43	755.449
32	34	46	44	741.964
33	35	47	45	392.196
34	36	48	46	633.348
1	4	16	13	901.413
2	5	17	14	1100.986
3	6	18	15	1269.663
4	7	19	16	1087.151
5	8	20	17	840.062
6	9	21	18	697.047
7	10	22	19	974.684
8	11	23	20	1109.202
9	12	24	21	1017.740
10	13	25	22	1178.305
11	14	26	23	1364.384
12	15	27	24	1461.777
13	16	28	25	1869.821
14	17	29	26	2239.944
15	18	30	27	2069.500
16	19	31	28	1863.839
17	20	32	29	1657.764
18	21	33	30	1396.147
19	22	34	31	1104.039
20	23	35	32	796.464
21	24	36	33	649.370
22	25	37	34	588.760
23	26	38	35	529.365
24	27	39	36	544.112
25	28	40	37	589.316
26	29	41	38	571.662
27	30	42	39	634.815
28	31	43	40	691.375
29	32	44	41	829.439
30	33	45	42	757.848
31	34	46	43	643.224
32	35	47	44	625.360
33	36	48	45	564.225
1	4	19	16	688.916
2	5	20	17	579.461
3	6	21	18	737.979
4	7	22	19	481.825
5	8	23	20	369.485
6	9	24	21	496.305
7	10	25	22	612.626
8	11	26	23	841.173
9	12	27	24	1146.389
10	13	28	25	946.897
11	14	29	26	1190.769
12	15	30	27	1093.946
13	16	31	28	1134.254
14	17	32	29	1171.259
15	18	33	30	1057.958
16	19	34	31	888.810
17	20	35	32	700.537
18	21	36	33	522.646
19	22	37	34	423.991
20	23	38	35	313.805
21	24	39	36	286.026
22	25	40	37	285.777
23	26	41	38	344.357
24	27	42	39	383.165
25	28	43	40	423.606
26	29	44	41	446.502
27	30	45	42	613.520
28	31	46	43	1115.966
29	32	47	44	1042.566
30	33	48	45	1129.153
1	4	22	19	298.024
2	5	23	20	210.330
3	6	24	21	410.459
4	7	25	22	195.768
5	8	26	23	298.800
6	9	27	24	466.973
7	10	28	25	799.676
8	11	29	26	760.805
9	12	30	27	718.509
10	13	31	28	596.333
11	14	32	29	631.801
12	15	33	30	559.540
13	16	34	31	534.028
14	17	35	32	428.161
15	18	36	33	387.033
16	19	37	34	336.266
17	20	38	35	276.673
18	21	39	36	229.528
19	22	40	37	215.951
20	23	41	38	193.883
21	24	42	39	208.331
22	25	43	40	206.423
23	26	44	41	72.158
24	27	45	42	265.985
25	28	46	43	318.533
26	29	47	44	485.375
27	30	48	45	1432.605
1	5	25	21	116.644
2	6	26	22	172.173
3	7	27	23	158.765
4	8	28	24	315.107
5	9	29	25	393.805
6	10	30	26	511.336
7	11	31	27	472.566
8	12	32	28	494.839
9	13	33	29	439.677
10	14	34	30	408.583
11	15	35	31	355.292
12	16	36	32	276.154
13	17	37	33	283.105
14	18	38	34	253.504
15	19	39	35	227.341
16	20	40	36	215.036
17	21	41	37	191.210
18	22	42	38	185.585
19	23	43	39	169.691
20	24	44	40	143.567
21	25	45	41	137.632
22	26	46	42	-59.743
23	27	47	43	-64.538
24	28	48	44	200.755
1	5	29	25	179.115
2	6	30	26	167.171
3	7	31	27	145.189
4	8	32	28	167.462
5	9	33	29	174.249
6	10	34	30	211.537
7	11	35	31	210.640
8	12	36	32	168.206
9	13	37	33	153.771
10	14	38	34	134.111
11	15	39	35	124.241
12	16	40	36	141.658
13	17	41	37	139.890
14	18	42	38	149.153
15	19	43	39	162.057
16	20	44	40	140.048
17	21	45	41	136.934
18	22	46	42	111.126
19	23	47	43	82.915
20	24	48	44	63.651
1	6	31	26	164.277
2	7	32	27	152.459
3	8	33	28	134.706
4	9	34	29	154.223
5	10	35	30	180.390
6	11	36	31	175.678
7	12	37	32	153.115
8	13	38	33	138.695
9	14	39	34	128.950
10	15	40	35	127.649
11	16	41	36	127.084
12	17	42	37	131.966
13	18	43	38	138.883
14	19	44	39	149.665
15	20	45	40	138.506
16	21	46	41	127.819
17	22	47	42	114.907
18	23	48	43	114.322
1	6	36	31	82.210
2	7	37	32	61.652
3	8	38	33	59.838
4	9	39	34	63.044
5	10	40	35	77.189
6	11	41	36	79.894
7	12	42	37	89.328
8	13	43	38	99.290
9	14	44	39	107.207
10	15	45	40	89.988
11	16	46	41	98.631
12	17	47	42	124.228
13	18	48	43	188.684
1	7	37	31	80.390
2	8	38	32	63.475
3	9	39	33	63.312
4	10	40	34	80.797
5	11	41	35	83.556
6	12	42	36	88.940
7	13	43	37	94.278
8	14	44	38	103.326
9	15	45	39	107.691
10	16	46	40	95.658
11	17	47	41	114.952
12	18	48	42	226.692
1	7	43	37	57.547
2	8	44	38	59.566
3	9	45	39	63.968
4	10	46	40	60.801
5	11	47	41	73.587
6	12	48	42	121.088
1	10	46	37	67.112
2	11	47	38	74.118
3	12	48	39	103.467
