35.216220	-0.516351	691.002540
23.635782	-3.159273	2595.275452
3.906356	-4.625194	308.237101
15.751855	-7.100720	43.822836
0.820499	-4.316766	26.779869
9.545038	-1.329375	3404.393346
9.068539	-2.507094	3492.384155
40.988189	-1.983579	642.787468
29.903079	-2.208237	1957.924215
4.705627	-4.860507	346.755669
4.948120	-7.048297	27.466391
4.335467	-4.519673	468.803082
2.068274	-5.657132	15.227418
6.651881	-5.362644	204.683287
6.284333	-7.398759	27.135937
2.162253	-2.271516	1746.924526
4.514702	-6.118589	61.675561
5.682362	-6.940771	35.009899
5.458316	-5.448105	160.175575
8.471716	-7.132625	26.947841
5.647577	-6.123224	76.497616
6.397701	-6.875958	38.055980
4.299297	-6.544255	32.996152
5.456679	-4.688062	486.573401
5.073977	-5.557625	125.208761
5.720230	-5.750612	115.012198
3.576298	-5.879917	47.913135
5.799991	-7.434898	27.186450
4.966308	-6.047125	76.950140
4.551046	-7.785950	19.949230
4.698518	-5.294144	159.737370
4.998979	-4.114878	872.937639
5.277993	-6.310217	60.098223
6.224506	-4.721828	467.760001
3.743726	-5.096644	133.887988
5.279444	-6.768219	37.903629
6.008436	-6.669519	43.845978
6.253093	-5.384605	196.834082
6.354715	-4.058197	915.538839
4.516106	-6.968292	25.348752
5.453961	-7.748451	23.436079
10.040178	-7.154674	32.497488
6.071392	-4.399061	685.022504
2.337333	-4.712145	77.736285
4.315307	-5.631660	93.996555
6.885763	-5.748169	131.794700
5.005008	-7.534401	22.882531
4.239660	-7.454396	18.836611
6.224082	-3.748792	1418.458484
5.081703	-4.592462	533.678843
4.388238	-3.599899	1664.658452
4.559807	-4.039519	925.535299
5.625243	-5.062401	286.555064
5.627572	-4.020225	1102.271529
5.326744	-3.497340	1733.963386
3.307252	-5.180077	91.242905
6.051487	-5.048190	298.783179
5.729810	-4.351083	724.400168
6.088763	-5.701324	125.253364
6.819109	-4.980423	330.296356
7.489480	-5.272326	227.244015
5.271717	-3.879620	1215.940964
6.593339	-4.676022	491.994912
5.338124	-2.735933	2009.226882
5.838521	-3.758797	1425.951508
5.689429	-3.448021	1749.256077
6.247108	-6.045261	87.363856
6.645319	-6.114068	82.092695
6.642224	-3.067707	2279.379015
5.116963	-3.173008	2117.236203
3.708551	-1.148911	895.318917
4.681701	-3.165891	2203.919772
5.975102	-6.309974	65.969606
6.762579	-6.585220	49.240073
7.916226	-5.222156	239.098488
7.395674	-4.515910	588.989089
3.946670	-3.512237	1707.249479
3.032531	-4.884678	114.023468
7.556589	-2.782260	2635.681265
7.369629	-1.364196	2422.811971
6.299209	-3.346071	1960.510910
5.904602	-3.158832	1977.752808
6.044679	-2.336348	1893.996850
5.763078	-2.771076	2018.556880
6.529218	-2.445740	2212.098799
4.989592	-1.635092	1383.094666
0.509160	-5.863273	2.649311
2.257563	-3.644874	365.475948
7.552300	-6.422762	55.588722
7.971347	-2.966069	2500.828325
3.608476	-3.798883	1004.153288
2.819999	-4.138401	298.865550
7.705230	-1.853626	2748.833944
0.449604	-0.727268	597.992325
0.510741	-2.207932	97.635517
1.736428	-3.476994	223.019572
3.126653	-4.430448	248.717844
1.936663	-4.817269	43.746118
0.473044	-4.136204	25.828033
3.783143	-3.015328	2276.242285
1.834205	-4.098658	110.188100
2.838093	-5.800184	27.263805
3.108964	-2.721166	2332.557453
6.884096	-1.524069	2255.823317
5.152386	-2.372704	1702.545673
2.542496	-2.288951	2129.999194
4.162630	-1.314461	1143.278297
4.037072	-2.644417	2318.973507
3.229012	-3.510389	1156.382681
2.173441	-7.356883	1.600659
2.514663	-3.072089	1001.319408
2.877886	-3.673856	625.302093
3.564004	-4.254398	433.614266
2.577661	-3.460570	631.026587
2.442844	-4.280455	165.034388
3.344743	-3.040872	2115.697514
1.352325	-4.533026	35.461557
3.903973	-2.162551	1751.868555
2.020427	-3.396485	394.531679
1.770761	-5.295077	19.416887
2.151732	-3.051250	726.393845
1.115498	-4.911181	19.086279
2.180633	-4.000215	189.273820
0.539375	-1.718262	161.109707
0.462525	-3.722646	40.577003
1.961060	-2.730375	867.545268
1.627136	-3.823826	126.582663
5.786336	-1.848198	1550.200144
0.839437	-3.382675	67.295673
1.272630	-3.867234	82.288551
1.695745	-4.484022	55.504345
1.153939	-3.472869	105.265290
1.465613	-3.224316	219.159600
3.548075	-6.290945	26.477998
0.786054	-4.793200	18.057103
1.136278	-4.191071	42.521355
4.494063	-2.707317	2239.115696
0.204812	-1.393935	193.883345
1.473981	-1.992217	1017.524998
1.558940	-2.822933	439.470714
2.620367	-5.024320	64.439018
1.288609	-2.439698	416.725391
3.480077	-7.778262	9.892390
0.537561	-7.822020	0.029907
6.880245	-2.104884	2372.812104
7.112806	-3.218395	2253.170702
4.743586	-2.351205	1745.871480
0.345483	-2.983469	56.976935
4.246693	-1.801031	1301.810004
4.507354	-0.995916	1608.114140
3.198931	-2.284473	2070.394660
3.275527	-0.326249	802.804729
4.449623	-0.504116	1030.414984
2.689492	-1.154154	659.321689
1.945506	-1.916593	1533.500856
1.341281	-1.514074	1047.447301
2.086051	-0.809962	466.338244
2.017884	-1.504365	1071.628064
1.656231	-1.232861	878.075070
0.244792	-0.333333	7020.102652
2.936281	-1.533327	999.822134
1.719481	-0.874625	488.280339
3.659383	-0.594585	836.520250
2.266603	-1.204353	620.417864
2.524545	-0.245869	705.399340
1.559552	-0.498177	458.173852
1.849493	-0.187645	823.193667
2.862572	-0.572118	697.181796
2.170914	-0.433514	588.045468
6.511231	-1.175063	1870.900605
5.253391	-0.891044	1767.219997
7.437034	-2.290716	2719.554929
7.528826	-0.954058	2128.789468
8.161520	-5.561961	155.738355
9.300530	-2.754815	3202.211317
6.205327	-0.261502	883.343907
8.062153	-0.443317	1423.346725
5.830380	-0.453552	901.212824
0.722395	-2.976831	77.641076
0.169304	-3.433198	44.363466
0.887653	-2.534627	137.287850
0.176178	-2.550271	62.839535
4.951694	-1.190793	1842.096293
5.679410	-0.916766	1572.177948
0.983809	-1.362127	728.135212
4.055731	-0.268336	861.253968
1.178809	-0.310532	1739.299576
0.894038	-0.704467	1209.881105
5.500054	-0.192051	864.528701
4.800142	-0.235780	801.822568
5.974318	-1.333295	1762.454011
6.591269	-0.566483	1170.591251
6.995317	-0.304981	1024.307333
5.159570	-0.427830	1363.578742
3.215971	-5.628404	49.241402
3.929279	-5.543891	84.559140
2.517209	-5.491499	29.936288
1.990221	-6.106444	6.114312
0.250384	-6.430725	0.964076
3.845953	-6.596398	23.918004
3.658460	-7.012748	15.973193
2.353883	-6.485838	5.880463
2.752820	-6.345211	13.754942
1.231668	-6.265860	1.779167
2.165240	-6.860503	2.450754
1.293017	-5.339984	11.029782
1.708760	-7.490846	0.544883
1.639749	-6.338754	2.575272
0.972838	-6.643505	0.619333
1.034135	-5.805972	3.692234
1.146409	-7.002169	0.372414
0.516530	-6.751070	0.384491
0.204228	-7.488687	0.033087
1.732912	-6.764179	1.605285
0.894329	-7.265087	0.137521
8.401099	-2.832865	2763.327201
8.004266	-5.912843	98.669308
2.704234	-2.768650	1943.714948
3.514680	-2.032687	1604.081970
3.403321	-1.505616	1023.334362
2.821257	-2.013189	1815.325381
4.629315	-1.926784	1379.479749
0.258775	-5.432548	5.473913
5.318997	-1.919697	1445.279512
7.291458	-3.700168	1479.340590
7.989287	-3.418417	1881.014689
6.685741	-4.229717	754.257053
8.827818	-4.501484	549.583617
7.230411	-4.926307	355.505303
7.076774	-4.123721	895.378119
7.312060	-5.711967	138.886881
8.119761	-4.812631	385.837856
7.581554	-6.012679	90.551128
8.082918	-6.962676	30.939487
7.200630	-6.723061	40.981231
7.777205	-7.235451	25.141293
7.113034	-7.536835	21.709233
7.331120	-7.151876	27.260472
8.237371	-6.259635	69.377406
8.764614	-5.172934	267.348781
10.967292	-3.797723	1647.692504
6.604970	-7.712311	22.007042
7.988503	-6.578800	48.485745
7.508064	-7.824524	19.531950
7.892452	-7.620411	20.553186
9.531672	-7.787716	21.338704
9.222312	-7.144646	28.894964
8.491271	-7.580877	21.136787
8.773550	-7.784990	20.385573
8.217721	-7.795887	19.794747
9.138555	-7.572706	22.041260
8.837751	-6.908678	33.488005
9.653622	-6.494549	55.977833
11.634587	-7.488008	38.527403
8.884191	-6.510284	53.523520
10.846783	-4.857408	444.342033
10.111289	-6.232511	76.500960
9.638672	-6.929950	36.392026
9.223569	-5.900853	100.934614
10.016934	-7.584380	25.201208
10.523160	-6.486070	60.818347
11.291390	-6.748291	63.438669
9.001039	-3.359434	2037.738001
10.045081	-5.779435	138.161203
9.119926	-5.085053	309.372578
8.001100	-4.076429	1048.682858
9.118178	-3.813440	1388.197108
7.753180	-3.716381	1462.996766
8.622566	-3.264180	2179.863924
7.858277	-4.452404	627.634906
8.354343	-3.542092	1738.359539
8.768730	-4.110680	984.000864
8.507175	-2.043545	3405.385866
8.525198	-4.806425	384.696388
8.383368	-3.934585	1225.643129
8.604470	-5.518945	162.886444
9.179481	-4.679300	439.673219
8.810567	-5.844411	105.056022
9.527282	-5.631475	151.019044
10.116823	-5.024526	347.198462
9.555341	-3.884810	1312.145930
8.600722	-6.234218	72.308801
9.283701	-6.310852	66.332491
9.747268	-4.266706	822.890932
9.640070	-3.232828	2489.366775
10.427977	-4.684240	508.689243
8.746790	-1.044697	3358.518427
10.216713	-3.492923	2054.703154
9.790907	-3.548695	1908.837853
9.544632	-4.609524	503.552467
10.499492	-3.849782	1448.487613
9.751823	-4.970553	352.322447
10.265612	-4.287449	852.924578
9.449865	-5.252407	253.232144
10.332664	-5.454340	234.794282
11.154689	-6.070597	115.785233
11.133243	-5.654061	200.977811
10.786683	-5.390377	275.530994
11.210379	-3.340892	2411.303652
12.308293	-5.689818	194.836293
11.745467	-3.425703	2229.205429
10.248259	-3.075115	2895.865885
9.287366	-3.114937	2588.361694
9.876467	-2.947258	2962.672181
9.803135	-2.364709	3706.537590
9.931030	-0.202091	3105.870769
7.716556	-0.200370	2614.469162
12.252864	-4.177460	1061.727587
11.337054	-2.466531	3698.831799
7.978065	-0.892023	1808.121967
7.368123	-0.505351	2152.730350
8.273754	-1.207278	2674.691121
9.068397	-1.383238	3395.923335
8.160117	-1.758743	3046.084351
8.423722	-0.242946	3675.540987
10.317280	-0.465077	3481.264287
9.749644	-1.723933	3553.043338
9.751572	-0.949979	3497.690438
11.023905	-2.906807	3388.036095
8.812671	-0.529072	4023.100512
3.102475	-6.584459	16.426800
2.555303	-7.655426	3.304008
3.035381	-7.433688	7.279080
0.961517	-7.611409	0.077821
0.470374	-7.142365	0.109520
1.423956	-7.789389	0.170427
1.498402	-7.049948	0.673043
0.179823	-4.513422	16.918473
0.438599	-4.945971	11.720238
10.932416	-6.385566	75.700998
11.259746	-7.093882	44.357584
15.126409	-5.909868	178.939435
11.960058	-6.698458	75.500328
11.331259	-4.168854	1156.675747
11.824286	-3.919152	1435.395775
11.719213	-4.969270	465.979230
14.059458	-4.505161	877.494024
12.036960	-3.065360	2887.059010
10.549347	-2.799328	3560.359471
12.209708	-4.752694	613.927130
13.711228	-4.130774	1129.236455
11.815020	-2.540273	3472.438404
10.674622	-2.035564	3759.077991
12.776696	-3.929517	1303.903133
13.935892	-2.534119	3348.603523
13.117992	-2.737136	3050.616987
14.736908	-5.137633	538.348718
12.696692	-2.705675	3129.813709
11.099679	-2.028508	3649.516913
12.443022	-0.531687	3621.774818
9.548204	-2.066908	3689.320311
12.269017	-0.941173	3002.654696
10.667499	-0.262987	4621.814962
10.437439	-2.366107	3835.573124
10.524037	-1.273494	3239.008222
10.403050	-1.686374	3566.426418
10.103869	-2.235838	3808.387834
10.082077	-1.818312	3639.526715
9.217620	-2.119733	3633.101003
9.704543	-2.665255	3373.261116
8.942419	-1.830621	3544.412761
8.601596	-2.496768	3325.348202
11.632820	-1.498666	2874.696541
11.166451	-0.896890	2882.176866
9.201448	-0.286125	3419.615414
10.238456	-0.926840	3337.998797
9.585604	-0.488216	3905.993202
11.643215	-5.446625	258.926756
11.065571	-0.476521	2893.949635
11.269342	-4.643737	629.757071
12.540901	-5.979800	158.101743
13.214510	-4.280947	952.874213
12.597355	-5.481398	254.276653
11.770678	-0.405899	2874.760993
12.474342	-6.294001	108.640553
13.124657	-4.850353	571.349685
12.643688	-5.074157	450.240224
13.518538	-5.124660	429.633509
13.572467	-5.627888	255.209033
13.956621	-4.929643	538.720217
12.814905	-6.633419	82.105657
12.402378	-1.372395	3367.097966
15.620825	-4.631313	1164.922297
15.651733	-5.197697	655.870547
13.018555	-0.154419	2519.628001
12.893103	-7.466296	42.158150
13.227705	-5.909349	163.221031
11.252602	-1.637924	3201.865810
14.803546	-4.681820	909.698502
14.092630	-5.715742	238.746812
13.688641	-3.241994	2278.998195
14.576760	-2.570243	3152.430010
13.988741	-1.074870	5441.009660
3.835358	-7.446708	14.157279
3.191816	-6.999728	12.327539
11.967173	-5.736803	184.318228
10.886120	-7.612045	31.186080
14.530964	-6.743294	65.990870
12.829963	-5.771381	187.119987
11.853446	-6.102048	123.939387
12.128008	-6.369264	100.221053
11.550934	-6.228406	103.722046
11.603900	-6.610127	78.737958
12.051257	-7.456072	42.824835
12.173250	-7.014193	55.866594
14.148280	-6.505337	81.517453
12.681762	-7.024417	56.519328
13.408909	-7.682850	37.371744
12.484194	-7.783446	40.081069
13.279205	-6.457187	93.667993
11.413697	-0.213534	4410.356981
10.948532	-1.232100	3128.710475
12.132626	-2.177093	3481.518222
11.585364	-1.043389	2576.507528
11.841465	-0.815385	2486.386804
12.865014	-0.493741	2713.683649
12.022280	-1.701884	3110.770242
12.868854	-1.577617	3790.879259
12.106980	-0.192365	4407.996332
12.565699	-2.320605	3477.226354
12.921829	-2.050618	3729.030119
12.485558	-3.087249	2732.450261
13.278713	-2.343188	3584.808624
12.835020	-3.434828	2099.866250
13.259570	-3.157087	2475.552969
13.988092	-2.897035	2773.142923
13.508139	-0.154419	2412.009653
14.621669	-3.257045	2324.821402
14.615838	-0.477514	3879.788324
14.629307	-3.995996	1493.090141
13.901143	-3.679009	1691.402339
14.301828	-5.273848	412.653639
14.471302	-4.393553	1072.623268
14.734518	-6.110891	125.382111
15.168408	-5.459296	405.376019
16.448544	-4.597418	1585.039563
15.876754	-2.726092	2882.165327
16.738917	-2.201228	3309.763601
15.014641	-2.429438	3249.459473
10.844612	-7.217920	37.684356
11.400857	-7.815381	33.030503
10.466999	-6.972832	41.183678
10.485262	-7.796664	26.246391
13.227646	-0.858357	3315.649605
13.876492	-1.839846	4406.205369
14.414885	-2.935257	2727.882850
14.300946	-2.346512	3519.157316
14.407377	-3.655839	1822.256617
15.313797	-1.202622	4591.495026
14.306717	-1.953687	4160.533632
13.643109	-2.261511	3773.245292
15.091017	-2.004607	4087.191219
14.472489	-0.972005	5539.087346
15.093789	-4.004765	1626.888620
15.344183	-3.631599	2196.293403
15.093993	-3.224036	2456.530467
16.090694	-3.159982	2631.889651
15.204138	-4.437099	1235.207278
15.325090	-2.761442	2838.750927
16.072530	-3.928723	2262.274380
15.789220	-3.602895	2412.990186
16.814631	-3.969481	2432.990356
16.528122	-3.285271	2588.829055
16.191704	-5.420863	548.426912
13.814055	-0.370181	3955.721007
16.960239	-3.092031	2556.257521
16.152644	-2.285200	3522.192585
14.658906	-1.752587	4466.080313
15.490553	-1.687382	4466.530992
16.069112	-0.360263	2961.462568
14.782590	-1.285789	5069.702540
15.776251	-0.172405	3646.016530
15.044297	-0.261751	3734.105306
15.469255	-7.791022	27.158869
15.938777	-1.777496	4308.196231
15.541738	-0.845480	3882.033854
15.453670	-6.243836	115.656381
13.230729	-1.318647	4144.198607
16.034893	-4.376256	1694.701043
22.690425	-2.349966	2247.869183
19.619142	-2.221124	1690.863559
15.880355	-7.543886	30.359409
16.792333	-4.366742	1999.561414
14.259041	-0.215762	2452.345226
16.552768	-6.916030	56.416277
13.687104	-0.734797	4316.764033
13.730504	-1.473815	4788.539218
16.508478	-3.752624	2505.295819
17.214941	-3.842805	2545.249376
16.574447	-5.075641	1025.544299
18.770391	-0.188981	1980.538412
17.099075	-2.568728	2574.936678
16.859056	-1.635453	4371.948343
17.657366	-2.455590	2197.669071
16.371879	-1.384237	4697.773803
17.264275	-1.421202	4090.628791
16.449111	-0.187859	3090.780479
18.592393	-2.348868	1770.500286
17.822441	-0.868045	3745.022793
16.334872	-0.952435	4075.510564
17.113504	-0.528242	2666.201950
15.398673	-0.434156	3659.381688
15.967386	-0.771587	3666.102293
17.702501	-1.608136	3660.110508
16.681390	-0.541111	3060.816540
18.012763	-1.233241	4101.303536
18.619388	-1.624710	3022.294842
19.229936	-0.432078	2564.344342
17.370809	-0.174990	3352.505836
17.359008	-0.933653	3599.018679
17.082627	-4.522617	1853.010118
18.066521	-0.462635	2803.651065
19.677169	-4.437448	1808.932323
14.298966	-6.067437	133.184020
15.195656	-6.602024	77.337854
13.722088	-6.725506	65.816790
14.825924	-6.507871	85.165007
14.595217	-7.095320	43.818319
17.506347	-7.807046	28.292299
13.802462	-7.343617	41.327398
14.292907	-7.475473	35.843099
19.298387	-4.645351	1611.620974
15.309733	-6.967702	49.327220
14.566021	-7.814707	30.065609
19.069364	-1.663731	2772.793835
15.035276	-7.605729	30.264458
15.004254	-7.225575	38.983025
17.142095	-5.990966	212.799704
17.199926	-7.485041	33.707191
15.900746	-6.303664	115.231052
16.400683	-7.752864	28.650919
16.299730	-5.944766	217.587965
17.925629	-7.155918	41.231542
16.084855	-6.794870	63.709565
16.772998	-6.139633	160.894551
17.469440	-6.356566	148.728990
17.235116	-5.355212	797.341407
20.109775	-6.978852	43.249989
17.130965	-4.806847	1449.255221
17.474837	-7.048578	47.020381
17.538369	-5.097121	1076.946655
19.731156	-7.573075	27.142339
17.851083	-6.210495	186.632715
18.300048	-6.901772	57.776541
18.644206	-3.901978	2432.971414
17.973635	-7.592381	29.327398
17.304167	-6.698057	83.797578
17.860392	-0.174990	3258.268373
18.105422	-3.810390	2561.184261
19.344102	-5.732005	375.700076
19.668072	-7.110942	38.782662
18.404788	-7.785334	25.505066
18.682148	-6.193925	177.120460
18.847912	-7.564871	27.953275
18.791177	-7.117771	43.097210
19.349374	-7.779536	24.517764
19.229554	-6.870304	56.594966
20.901255	-5.189467	552.020993
20.956382	-7.374688	27.889628
19.162160	-6.421338	124.029836
18.258413	-6.426891	122.756712
19.933625	-6.172915	166.101973
21.363222	-7.727242	20.791002
18.478560	-4.801402	1439.639980
21.807260	-7.500594	20.747857
19.905916	-5.405513	494.657749
19.493459	-6.126618	197.183814
20.256782	-7.793539	25.030499
17.849230	-3.351559	2381.240171
20.126133	-5.791926	288.424164
19.016072	-5.636704	470.079183
21.058779	-6.820494	48.133424
19.882032	-1.343722	3101.514215
21.235091	-5.464840	364.570468
20.192544	-5.099647	715.602177
22.732953	-5.383518	263.776871
20.443121	-4.389881	1724.070026
20.123437	-4.705137	1401.809376
18.967709	-5.276404	726.917695
22.593795	-7.421063	18.963516
21.204487	-5.873283	188.200245
21.465723	-4.841369	809.120177
19.549491	-2.664234	1561.959694
19.528608	-3.548145	2072.646374
18.844575	-3.002364	1717.589298
20.844329	-4.459780	1496.460688
19.777677	-3.954863	2124.934813
21.538177	-6.664363	52.423163
20.308154	-1.003599	2732.396538
19.792936	-3.041652	1722.732897
18.464176	-2.785938	1715.499000
20.503340	-3.580055	2044.127022
21.168011	-2.815585	1792.459750
17.340906	-3.432708	2543.124836
18.993609	-3.478303	2125.411286
17.342011	-4.389061	2040.471566
18.079096	-4.770977	1482.789999
17.834185	-4.155243	2374.011746
18.810384	-4.434222	1943.874563
16.966575	-5.129194	1083.712660
17.544395	-4.598316	1813.059009
17.320110	-5.676894	401.347726
17.428301	-4.830257	1438.288191
17.798197	-5.789411	362.593039
18.685417	-5.803904	372.083786
17.870527	-5.134105	1023.110342
18.045361	-5.504713	618.393176
17.863031	-4.502051	1913.841723
17.452028	-4.106510	2387.911555
18.640334	-5.184956	872.892844
18.415704	-5.525139	594.066783
19.564052	-5.391888	558.548290
19.293938	-5.103979	887.278448
16.841928	-6.619690	89.854338
16.740096	-7.430859	35.026450
18.662039	-0.893525	3522.208073
18.486937	-0.476625	2464.141959
19.160246	-0.848977	3498.284116
18.431945	-1.244731	3890.259210
19.380128	-1.239204	3375.429142
19.984031	-1.945424	1945.789995
19.553294	-0.243097	1503.126339
18.380341	-2.013701	2302.101710
18.968455	-2.340094	1657.764410
20.290144	-3.082990	1768.595687
20.894786	-1.740373	2310.170731
17.882637	-2.008616	2617.672789
20.042878	-0.243097	1943.421930
18.026853	-2.897745	1953.779065
20.220972	-6.562180	83.017979
20.495776	-7.440985	28.882901
21.943975	-5.410816	308.195020
22.358527	-6.106636	101.305148
20.709370	-6.470119	84.993661
23.564262	-6.210630	75.008448
22.518035	-6.542959	53.756614
21.590815	-6.164809	112.798697
22.996935	-7.447152	16.852419
21.879818	-6.991909	30.476369
23.184742	-6.709988	37.753394
23.302620	-5.962868	104.927251
22.701755	-5.840498	133.086333
22.256538	-7.773352	17.402801
22.343436	-6.912378	29.906884
24.977547	-6.618481	39.023526
25.838418	-6.503669	41.657431
22.344616	-5.130081	418.826834
21.989084	-5.930392	149.657914
24.477215	-6.027246	98.551201
21.730940	-3.940219	1789.154491
21.970871	-4.511996	1219.013501
21.640513	-4.559866	1204.765699
22.344061	-4.021846	1655.759653
21.467056	-4.185762	1628.489192
23.453246	-5.575619	173.523005
21.524962	-2.424011	1930.076665
21.105879	-4.105101	1793.030771
21.030716	-4.821944	900.782445
20.952810	-3.669821	2034.493588
20.255201	-3.945435	2069.629649
20.574761	-5.308982	494.071117
21.576310	-5.236791	451.926405
21.707365	-3.509720	2028.833162
21.290413	-3.319984	2013.789029
20.506548	-5.733535	287.152317
20.802439	-6.022462	166.081380
22.176624	-2.911020	2078.561614
20.617213	-2.668357	1701.201333
25.451665	-6.829129	28.953466
23.305512	-7.799441	13.853689
25.444174	-5.755062	153.534145
23.746937	-7.527649	14.671010
23.177103	-3.829596	1999.801711
20.365523	-0.482181	1427.429461
21.970716	-2.512642	2013.832045
20.480557	-2.126120	1894.404832
23.810322	-6.819671	32.457939
22.895943	-3.070542	2317.313415
22.324204	-2.139615	2265.618702
24.161634	-6.682161	38.617900
22.308138	-0.478110	1297.195093
22.268913	-1.636488	2893.327568
21.388393	-1.891036	2377.139738
21.778856	-1.476540	2694.810382
22.664660	-0.794431	1976.120685
21.614873	-0.208984	796.966281
22.678779	-1.280730	2932.724827
20.885145	-0.239084	1031.585587
20.824383	-1.219554	2765.060715
21.660616	-1.013444	2122.189420
24.564961	-6.929821	27.641357
21.203143	-0.448068	1125.630052
21.199750	-0.907121	2149.685314
21.908801	-0.554392	1167.611165
24.446673	-3.608826	2381.242651
24.191425	-7.728207	13.101038
24.177157	-6.227164	70.080166
24.626346	-7.448806	15.773860
25.097184	-5.818088	138.654587
25.153671	-7.720599	14.148482
25.566404	-7.412261	16.231604
25.781410	-6.022000	95.499521
23.608654	-3.644202	2341.153725
19.206379	-2.043949	1869.093977
19.136129	-2.694787	1572.490063
22.312914	-4.703090	899.724482
24.933964	-5.016662	412.441405
23.037971	-2.228368	2455.580632
26.050354	-4.220589	1266.329450
26.679978	-6.312905	40.586340
26.328660	-6.691555	27.293952
29.008889	-6.687309	3.262521
26.100233	-7.691662	12.766696
27.861451	-0.785827	2606.805680
26.475736	-7.296416	12.397586
26.140248	-5.726468	134.541639
27.272001	-7.734950	2.609420
27.456807	-6.048971	38.332781
25.995552	-5.315571	256.999672
24.152558	-4.992113	516.307567
26.548574	-5.829487	97.089417
25.590056	-5.322436	265.699823
27.907738	-6.252568	21.816167
31.599421	-5.857269	62.683436
25.357301	-4.933190	462.758204
24.819729	-5.468935	215.756769
23.684597	-2.335300	2733.761095
27.753435	-5.259106	159.727979
26.215463	-4.933321	444.463149
26.716481	-4.950231	396.938388
24.469323	-5.613945	172.450306
24.874279	-6.170903	81.034045
25.312676	-3.883059	2127.561183
24.800901	-3.964242	2000.907079
24.121396	-5.397428	240.556323
23.002939	-6.072862	91.137319
24.566843	-4.358210	1276.383720
23.031851	-4.325563	1294.628256
23.865194	-6.040088	93.057957
23.817325	-5.623653	157.341508
22.924410	-6.495396	55.784503
23.230072	-7.065677	23.084239
23.657157	-7.146174	21.515494
23.524913	-6.535216	44.425398
25.597687	-4.213592	1365.026623
23.654944	-1.946430	2842.211121
28.912424	-6.115037	18.194465
27.113081	-6.402949	25.526609
23.140693	-1.456075	2814.219225
24.468343	-3.172955	2715.526540
23.184762	-5.228633	322.914250
23.355469	-4.731342	724.473878
23.284083	-2.909706	2505.886828
22.816090	-3.505503	2196.568398
23.988080	-3.862782	2079.659616
26.904896	-5.435499	159.956862
23.336804	-2.518990	2549.395822
22.601117	-2.801423	2190.713151
22.423494	-3.641241	2044.389750
22.591407	-4.382076	1283.804512
23.839578	-4.652284	821.725060
26.062836	-3.210547	2253.384618
23.521793	-1.106627	2330.895706
24.036878	-2.941983	2777.023184
23.878179	-0.269553	1170.257141
23.236145	-1.866690	2701.002062
22.078853	-3.315876	2101.502421
22.022996	-4.126981	1577.226343
27.463317	-4.499384	717.410470
24.032973	-2.508726	2824.906326
26.034543	-2.692493	2074.289025
27.380026	-5.564939	101.284119
24.614720	-4.756357	663.002273
24.365358	-1.820967	3105.039828
24.061615	-4.265347	1336.882316
26.972049	-4.559993	743.485461
24.434831	-2.236327	2908.198203
24.843328	-2.924042	2722.210331
22.993376	-0.132702	1056.550804
23.896147	-1.275308	2738.305093
24.813721	-2.420670	2725.444895
23.933846	-1.704496	2978.570533
24.297687	-1.043456	2535.914783
24.657381	-0.288900	1419.049248
24.617278	-1.411126	3085.465053
25.419157	-1.818873	2645.647864
23.500326	-0.585875	1310.074455
25.112405	-0.461650	2165.515054
25.512684	-3.391093	2434.301467
25.261790	-3.019128	2535.764466
26.788999	-4.142956	1262.834424
25.551782	-2.615529	2334.303173
28.577466	-3.204617	1636.160904
25.275532	-2.257304	2533.048212
26.000749	-1.260675	2589.744019
25.913357	-0.172749	1883.751085
25.069586	-1.370778	3007.356741
24.301186	-0.558454	1492.026043
26.438153	-0.635708	2639.280863
26.314028	-2.399725	1845.126294
25.895302	-1.697894	2389.225384
25.771442	-0.917180	2516.566217
29.929281	-3.833110	1127.011915
26.057007	-0.472526	2181.487236
27.981082	-2.510420	1645.605757
27.490351	-0.194482	2061.111832
27.001671	-7.339703	6.562439
27.287698	-6.824886	10.808890
29.507812	-6.922512	1.648812
27.804260	-6.736743	8.099341
28.150070	-7.800024	0.753434
29.065171	-7.748046	0.423748
28.544807	-7.064681	1.551578
30.312743	-7.341211	1.775070
28.043303	-7.051585	2.452346
29.487410	-7.499860	0.688495
30.760662	-7.346745	3.542262
31.189046	-5.963398	39.267781
30.831259	-5.703517	54.955214
30.765092	-5.275132	139.916224
31.078490	-7.757349	4.086171
30.010229	-6.763862	2.945421
31.563974	-7.491309	5.982014
29.984738	-7.751814	0.815527
32.867639	-6.609202	25.307624
31.956127	-6.667190	17.902626
31.072603	-6.814851	8.001281
31.973376	-6.184181	42.531539
33.309677	-6.800540	20.257676
31.552999	-6.959415	9.138739
32.430173	-6.913198	15.652706
32.730486	-5.092553	292.921908
31.985484	-7.733961	6.698753
31.531292	-3.798005	1703.853790
32.448555	-7.448074	9.352970
32.426095	-5.912683	69.480082
32.931821	-7.714113	9.303202
33.355477	-7.370575	11.772204
32.359474	-5.440492	144.473157
31.667250	-4.910533	334.570840
32.846312	-6.091697	54.399145
31.848311	-5.382096	146.999725
33.325439	-5.763472	94.148684
33.276234	-5.236519	242.586446
33.721655	-6.500633	30.782715
34.552439	-4.489322	765.433698
33.687272	-4.855258	493.443841
32.881811	-3.662947	1823.257875
32.067413	-4.466941	731.587527
31.132608	-4.846295	324.728687
33.758745	-5.981070	63.317209
35.676750	-1.190972	1114.235938
32.619486	-4.590565	660.214734
33.565624	-4.298029	963.421605
34.261633	-4.920055	434.409001
33.929986	-3.997808	1146.888531
36.560279	-5.622949	141.271866
40.736238	-0.309504	512.685758
30.514953	-5.955955	29.910568
30.171014	-6.402698	11.143999
33.043586	-4.177302	1169.689287
31.971476	-3.995233	1464.406235
31.618378	-3.255252	2242.101082
31.133524	-3.967051	1234.706215
31.232818	-2.503107	1956.877731
30.946237	-4.398353	658.185502
33.266337	-3.189242	1711.270155
30.740403	-3.691801	1424.540992
33.001539	-2.675615	1482.233160
29.674488	-1.455550	2485.122430
30.366475	-3.944101	1050.634802
28.575759	-5.024530	193.675034
32.116871	-3.146517	2285.691556
27.983266	-3.804384	1225.242634
30.752021	-3.254440	1947.529069
30.464114	-4.368657	649.234300
32.361774	-3.604502	2016.172330
32.960879	-1.704665	817.775836
33.991048	-1.529618	689.577854
30.940637	-6.414582	17.571061
28.450083	-2.453935	1760.774769
34.137015	-2.894473	801.689243
32.937380	-0.857743	1198.035206
30.120081	-6.021527	27.286226
28.631782	-2.037134	1972.714694
27.147968	-0.958813	2839.671871
31.232228	-2.986936	2223.804788
29.832378	-3.339912	1651.038528
26.983039	-1.322388	2463.879962
30.281190	-3.013542	1937.439874
29.383425	-3.197445	1711.877740
28.921068	-3.973598	984.212989
30.114845	-4.694560	366.701928
30.229452	-5.153093	149.048082
29.256272	-4.217070	665.401590
28.242062	-5.433730	103.466039
29.900748	-5.647050	61.675487
30.565886	-6.337126	17.945455
29.094778	-1.966246	2158.847532
28.098938	-3.327449	1561.286801
27.721700	-2.172358	1649.685573
28.420540	-4.161455	835.104881
28.962322	-3.493694	1465.270925
27.770670	-2.962063	1650.594542
27.151931	-3.799715	1441.471133
28.298957	-4.615890	406.031499
29.344198	-4.653964	379.357430
27.546807	-3.982736	1152.818845
26.955834	-3.362000	1786.117325
26.411885	-3.465879	1965.764802
26.361034	-4.000241	1572.359842
27.778192	-4.775466	372.102782
28.319584	-5.943161	34.353590
29.352799	-5.614599	57.066842
29.093657	-5.033522	165.298804
29.745403	-4.562081	472.757353
29.657477	-4.125187	725.172021
25.557127	-4.609450	811.495385
26.009794	-4.616447	794.380358
23.105106	-0.449024	1468.605841
22.503793	-0.132702	993.626608
25.423774	-0.172749	2361.344783
25.316423	-0.906304	2684.891598
26.388109	-1.151952	2629.885640
27.575486	-1.040491	2628.307053
26.810611	-1.999414	1792.578535
27.607287	-1.464813	2119.064931
28.558538	-0.427698	2238.897143
28.568670	-1.211638	2778.993946
26.642797	-1.410233	2427.066938
27.893153	-1.735941	1888.096652
26.570550	-1.776980	2034.901347
27.231521	-1.605261	2069.975652
26.210414	-1.955919	2047.443485
27.131342	-1.915539	1771.368616
26.710635	-2.401406	1698.785437
27.214581	-2.965245	1698.230046
27.335653	-2.211508	1622.541295
27.038947	-2.552752	1623.394176
26.857770	-0.530414	2960.157434
28.334235	-1.657203	2166.983173
28.718199	-2.782746	1757.940575
29.215768	-2.749040	1845.711121
30.307346	-2.499172	1901.734474
29.410648	-2.349342	1974.996887
29.025803	-1.207803	3010.504939
29.254363	-1.582480	2543.882530
28.237621	-0.173735	2375.390821
31.553652	-0.603973	1703.972528
29.726476	-0.214199	2491.582223
30.007333	-1.698212	1994.949841
29.320295	-0.881935	2912.162081
30.435285	-0.195958	2058.389398
29.313018	-0.468161	2340.400988
29.721278	-1.041110	2749.298609
30.503870	-1.418117	1770.526528
30.778766	-2.256241	1783.365524
30.746924	-0.544503	1561.064678
30.039911	-0.823294	2587.402068
31.372496	-1.589785	1511.530148
30.052386	-0.410157	2386.712290
30.489657	-0.957640	1959.249629
27.000767	-0.194482	2284.122064
27.821722	-0.368218	2279.629134
28.961541	-0.253963	1932.373803
28.353475	-0.845307	2733.798602
31.610239	-2.144543	1717.353249
30.871036	-1.685210	1539.485151
32.116307	-2.197020	1619.190257
31.155389	-0.348544	2426.538680
32.372111	-2.691334	1945.862219
33.275017	-2.168763	765.636846
31.660860	-1.164984	1547.311809
32.431598	-1.717203	1125.381619
34.461411	-0.452845	875.239647
33.051874	-0.434259	1364.929329
32.213894	-1.239924	1230.936765
31.976388	-0.255429	1427.310801
34.417211	-1.254551	991.687078
33.858957	-2.044059	515.726911
32.686891	-0.186078	1199.244320
35.068854	-2.644234	437.855657
37.088054	-1.748583	670.664868
33.645707	-1.169794	808.334760
33.199478	-1.220137	899.004911
33.850685	-0.800762	970.782102
34.996078	-1.863104	595.547118
34.133134	-0.179440	823.045706
32.350780	-0.441507	1104.913957
33.411857	-0.248180	1109.330551
32.481078	-0.864992	1181.488006
36.592547	-2.371018	421.192596
35.253456	-1.023419	1114.136639
33.763741	-0.427620	965.099501
34.843902	-0.273405	724.415530
34.303564	-0.825987	1029.862604
36.745216	-0.491735	707.257794
36.358920	-0.237499	444.278513
34.857087	-1.388478	975.545724
35.824024	-1.678753	828.017672
34.744760	-2.268643	436.511135
34.342440	-4.124304	1020.936499
35.622318	-0.242945	609.814233
34.232345	-2.408194	483.470812
35.557735	-2.462353	408.402902
36.273037	-1.658896	814.716661
37.160177	-1.294802	1205.112392
33.763111	-3.228202	1296.048652
35.996862	-0.480445	708.885513
34.521475	-3.165353	811.531233
35.539721	-1.985826	554.704768
36.741883	-0.978946	1071.371438
36.176075	-3.590412	628.283292
35.876570	-2.753321	415.153309
36.014058	-0.921403	1037.961350
36.372782	-1.165669	1074.117366
36.570015	-1.925955	599.216195
37.105046	-0.254236	581.177782
33.963031	-3.610078	1231.565765
34.400745	-3.522204	1052.501855
35.965471	-4.482779	619.491027
37.649629	-3.299706	637.777182
35.728326	-3.343945	578.301221
37.515975	-0.503943	587.457550
36.952309	-3.212043	544.079444
35.281534	-3.463407	708.230733
35.354256	-5.205676	252.844245
37.557649	-4.921828	396.948743
37.574439	-1.057298	1343.448642
38.893957	-1.980408	513.671458
37.864053	-0.249708	230.013657
36.330102	-2.702001	407.668820
37.326970	-2.097452	458.169326
27.797071	-7.534974	1.509731
28.621491	-7.548070	0.662973
34.727817	-7.299735	10.501666
34.731931	-6.692433	22.546514
34.589387	-3.800752	1033.047976
34.940898	-3.054664	622.277691
35.076212	-4.328657	800.955729
35.050753	-3.852643	901.172734
35.282513	-6.187051	52.922206
36.575311	-6.904348	17.425430
40.434609	-2.631402	578.810361
38.334734	-0.497460	2582.512965
37.998772	-1.249582	1549.602176
38.902972	-0.247752	478.267521
38.653887	-2.357892	498.948836
39.279720	-2.017969	514.281073
38.291473	-2.352556	481.594210
39.440530	-0.516504	810.472293
39.280046	-1.037621	737.435027
38.410989	-0.943980	1984.489056
38.818743	-1.215389	821.635663
37.990645	-3.356237	710.425790
40.006677	-2.691174	571.837827
39.663368	-1.318749	800.899101
39.949016	-0.268752	726.807063
39.844297	-3.043542	689.735450
40.916048	-1.443078	1179.120490
40.169465	-1.107136	1030.673753
40.294629	-0.578256	720.835961
41.351890	-2.216921	602.101998
39.430026	-2.406630	520.848057
40.450551	-1.438630	1075.736664
38.607442	-3.070946	665.050915
39.444274	-3.096034	699.284165
35.779714	-5.504123	164.646741
34.050488	-7.792318	8.416702
34.196013	-5.788577	89.132751
34.551358	-7.044522	14.933638
34.446153	-5.342180	187.730001
34.528829	-6.091909	60.460521
34.941888	-5.441537	158.417006
34.086383	-6.663002	24.132701
35.153806	-6.610664	25.454966
35.292433	-7.633539	7.926752
39.256536	-5.792874	96.091006
34.933178	-5.913958	79.408975
35.716681	-6.013077	74.501348
36.521633	-7.411228	9.630233
36.218363	-5.329518	220.325214
35.396873	-6.956426	14.900624
36.968727	-5.483399	176.399304
36.751697	-4.740435	502.024358
35.451414	-4.624103	576.018145
36.105545	-6.269941	48.248566
37.135884	-6.105079	62.261889
36.873239	-6.677553	27.036187
39.774825	-4.129794	787.367868
37.825779	-5.331215	208.717377
37.071545	-5.040656	344.438766
39.409592	-4.410386	697.782802
37.230081	-4.009417	797.703293
37.681232	-4.388844	735.478431
36.268801	-4.044564	730.534785
38.159023	-4.192411	839.399662
38.236416	-3.689160	837.465422
36.306963	-4.889747	433.931875
36.786650	-4.242180	730.314115
38.661442	-3.494880	827.175479
38.100974	-2.676192	508.381036
39.365428	-3.503542	847.519590
39.235041	-2.769203	577.885008
39.024517	-4.214300	810.358034
39.996655	-4.910899	396.129884
39.009624	-3.705926	889.100812
40.389466	-3.445907	840.248621
38.598942	-4.506505	685.351614
39.745555	-3.731324	866.710026
40.144638	-4.401684	673.539659
36.127648	-6.703725	22.211541
38.290887	-5.396053	183.624207
39.186644	-5.235799	249.563628
40.023555	-3.427656	824.835956
40.638140	-3.002021	724.158825
38.650948	-5.042183	329.893758
39.519712	-4.896207	428.703880
40.276568	-1.896907	652.450496
39.599331	-1.753533	593.926119
43.647644	-3.003309	2833.098852
40.481140	-4.234371	767.751117
39.801639	-2.381093	525.702222
39.931445	-2.000197	562.860060
39.580171	-7.796400	4.658942
40.842933	-4.415039	652.264559
38.680611	-1.633611	622.319734
38.844666	-2.758026	566.638301
38.165184	-1.665849	702.208715
37.757944	-2.613672	472.573044
38.016116	-2.007311	498.278635
37.674358	-2.177416	447.020019
37.542118	-2.875397	510.657722
38.226164	-2.994448	620.643327
37.174476	-2.818061	472.104998
37.276204	-3.540158	676.171097
37.042913	-2.476371	422.342009
36.558302	-3.201337	511.378309
41.346729	-2.749435	746.967821
40.575513	-3.783597	882.980861
33.828311	-7.448780	10.675169
34.545876	-7.639866	8.288648
34.456288	-6.446771	31.573204
34.147239	-7.041114	15.272688
34.901638	-7.847547	7.399623
36.886383	-7.711188	7.143609
38.171570	-7.448257	7.391288
35.151457	-7.293408	10.359964
36.510494	-6.054418	69.066746
35.765795	-7.785992	7.547503
38.404406	-5.876502	81.476268
38.834360	-6.079707	58.081782
38.062483	-6.208566	50.232045
38.934338	-7.796400	4.699087
39.006455	-6.928856	11.701329
41.481804	-4.842817	372.876121
37.426576	-6.333645	45.906443
38.733537	-6.555727	24.930028
37.359575	-7.491881	7.685129
38.223328	-6.614444	24.692508
38.674383	-7.463965	6.543965
40.491333	-6.025726	57.492472
41.301477	-5.974862	54.217716
37.993432	-6.971865	12.657269
39.556695	-6.900439	11.643409
40.779107	-7.731862	5.240626
39.870457	-7.435548	6.308661
37.504354	-7.015489	12.777575
40.364960	-6.459895	26.274111
37.785692	-7.780693	6.435244
40.239377	-5.263925	191.582675
41.416146	-4.011509	855.346650
41.739211	-5.190439	194.918372
41.126546	-3.465138	932.026703
41.005834	-4.856080	371.515290
41.657733	-4.326524	658.685425
40.881219	-5.772690	82.796657
41.300956	-7.450162	5.722211
43.353420	-4.602598	433.359281
42.252797	-3.092783	1297.021396
35.818931	-6.996596	14.018871
37.287256	-6.708040	24.545126
36.046878	-7.486031	9.356080
37.718433	-6.122087	63.909465
36.830525	-6.261407	48.663402
37.595248	-5.725186	113.803325
37.224300	-5.758541	108.607816
39.699121	-5.980048	60.316412
40.756204	-5.253168	183.968953
40.641862	-6.813039	13.013026
41.355310	-7.028853	10.314426
40.106626	-5.720136	87.317464
39.832895	-6.482757	26.039089
40.423559	-7.371009	6.752299
42.972612	-7.429601	5.789539
42.291686	-7.025032	8.567993
41.051764	-6.752582	13.998729
41.631871	-6.704142	14.882242
41.328325	-6.427871	22.039094
43.422952	-7.397934	5.672351
43.449237	-6.455598	15.677350
42.582357	-3.657987	1410.855749
41.683163	-1.057522	1396.249322
42.202734	-5.094763	212.953739
43.788743	-6.109962	26.497555
41.683955	-5.688347	88.763208
42.801840	-5.615707	85.261961
43.007612	-6.469033	16.540963
42.754514	-6.110693	35.422441
42.381022	-5.475039	106.830611
43.189919	-3.613219	1639.845528
43.649937	-4.812542	294.488374
42.754192	-4.576016	511.048113
45.039556	-1.175920	6212.089550
41.799083	-1.979215	684.550903
42.021219	-6.650443	15.442943
42.081078	-5.852185	67.539401
43.016933	-4.861561	334.804079
43.453365	-3.917779	1306.817202
42.567476	-2.172156	953.313004
41.948568	-1.441805	963.179928
42.885562	-2.937887	1833.382456
41.479750	-0.228017	947.217526
42.156345	-2.348611	807.535559
43.344957	-1.734502	1153.342064
41.692583	-2.943187	940.577622
42.912725	-4.200596	830.606898
43.616554	-1.354508	1169.918532
42.966710	-0.246137	1523.596712
44.802505	-0.422121	2328.830570
42.648633	-1.722077	918.375901
41.090988	-0.537520	1280.929829
43.824945	-5.642492	71.023044
43.289590	-4.259771	800.278794
43.090601	-5.323600	162.639876
43.358196	-2.184855	1720.671013
44.614265	-6.183756	20.564465
44.053324	-1.330642	1451.549584
42.584997	-0.542314	1150.087020
42.914969	-2.461871	1432.868038
40.574694	-2.218031	572.249626
41.029129	-3.054248	796.592866
40.921605	-3.750601	909.138552
42.055005	-2.780067	997.231878
41.077316	-4.086759	827.500513
41.465237	-3.602794	1008.184247
41.713673	-3.385655	1104.642868
42.024263	-3.466114	1239.912685
42.221723	-3.800893	1168.866672
42.563677	-3.182176	1577.117701
42.087928	-4.230501	741.762534
42.375520	-4.651117	448.628862
44.582575	-2.701623	4705.861669
44.245797	-7.536758	3.928218
43.831481	-3.819250	1496.582799
46.683703	-6.403279	7.036479
44.024702	-4.638749	373.480889
42.851781	-3.832936	1317.698401
43.242381	-3.193981	2241.045440
43.973298	-3.324017	2591.153256
44.423348	-3.195090	3054.855850
43.734053	-2.470199	3004.946187
44.130848	-4.150718	822.859804
44.908695	-1.670967	6112.895127
46.677083	-7.666667	0.050968
44.723962	-3.560416	1687.441433
43.713975	-7.750074	4.210121
44.202450	-6.363983	17.256281
45.502657	-7.816735	1.470034
44.097108	-6.811833	9.615816
44.310432	-5.418347	89.168680
43.662446	-6.909490	9.258004
44.625572	-7.786684	2.782892
45.555618	-7.112392	2.225414
44.389436	-7.086961	5.827437
45.815524	-3.891471	631.276329
44.846411	-6.935388	5.607176
45.142929	-7.201920	2.982878
45.065729	-7.603419	2.247467
46.105583	-5.073197	91.602295
44.965899	-6.480033	10.549188
44.686045	-5.705590	48.178649
45.474713	-6.333109	10.379535
45.581878	-5.797127	29.432421
45.111093	-2.603260	5186.564216
45.403381	-3.035574	2393.301616
44.760576	-4.765704	248.677476
44.573279	-4.020811	898.476975
45.148451	-5.004603	155.806594
45.420639	-3.893684	771.090757
44.846353	-4.334803	471.407015
45.175477	-3.499263	1532.769677
45.144844	-5.465884	60.735592
45.242199	-4.268829	452.416146
46.482024	-5.871346	23.761493
45.448284	-4.690211	244.131885
46.044149	-3.545779	862.700052
46.502457	-3.717542	646.003388
44.381355	-4.939743	204.266232
43.521103	-5.337681	151.480207
44.375155	-1.782758	3727.085878
45.767914	-6.698937	3.621284
45.280991	-2.087285	7039.551812
46.496062	-4.181534	354.061894
44.218933	-2.297440	4158.799729
46.135813	-2.253957	1991.392244
46.567051	-5.010678	93.229149
45.788362	-1.935029	5826.433525
44.443074	-0.187913	2195.384440
46.197032	-0.276265	2863.970943
45.577296	-0.510473	2158.116097
45.914627	-1.367181	6129.205954
46.443390	-1.186597	1481.662440
44.105021	-0.465052	1427.004287
46.042563	-4.272513	359.427541
46.593814	-2.911465	1039.032779
45.853764	-4.696108	202.601141
46.768730	-4.542611	184.524170
46.020556	-5.600531	40.117031
46.775126	-3.411952	831.964854
46.798321	-5.468067	47.234187
46.818688	-2.499512	926.034597
45.877168	-3.084302	1510.168276
46.575463	-2.076511	952.436455
46.154164	-2.755578	1472.887743
44.272243	-0.892847	1424.708032
46.756775	-1.576999	568.744618
45.156306	-0.234208	984.616713
44.724934	-0.849916	2224.112685
45.538116	-1.024390	9097.503692
46.686615	-0.609598	413.416928
42.246917	-6.221663	32.852176
41.709349	-7.718300	4.622280
42.617801	-7.781740	4.813112
42.770481	-6.954592	8.986665
41.186530	-1.070849	1581.171841
42.170900	-7.500041	5.286054
42.212038	-0.296177	1239.433318
41.832413	-0.524194	935.159181
42.986329	-1.150443	1132.880094
43.724448	-0.277139	1586.577650
43.363032	-0.523276	1590.954020
43.338275	-0.974937	1282.130490
42.629374	-0.994959	1137.474045
42.386986	-1.361121	988.561669
42.982887	-1.561438	1009.696915
46.329928	-7.363824	0.424404
45.801335	-7.513892	1.070406
46.336547	-6.767103	2.144813
