35.216220	-0.516351	848.446682
23.635782	-3.159273	3224.421164
3.906356	-4.625194	333.310322
15.751855	-7.100720	80.408086
0.820499	-4.316766	29.383261
9.545038	-1.329375	3408.805194
9.068539	-2.507094	2303.340402
40.988189	-1.983579	728.225723
29.903079	-2.208237	2555.289791
4.705627	-4.860507	419.503883
4.948120	-7.048297	22.587965
4.335467	-4.519673	557.270743
2.068274	-5.657132	13.134786
6.651881	-5.362644	242.765478
6.284333	-7.398759	20.065667
2.162253	-2.271516	2197.539833
4.514702	-6.118589	57.441256
5.682362	-6.940771	29.997496
5.458316	-5.448105	188.290337
8.471716	-7.132625	6.377309
5.647577	-6.123224	78.084473
6.397701	-6.875958	30.710455
4.299297	-6.544255	27.486317
5.456679	-4.688062	685.235330
5.073977	-5.557625	136.055462
5.720230	-5.750612	127.541083
3.576298	-5.879917	41.433971
5.799991	-7.434898	21.730445
4.966308	-6.047125	76.621911
4.551046	-7.785950	15.288032
4.698518	-5.294144	173.581636
4.998979	-4.114878	1208.055275
5.277993	-6.310217	58.144537
6.224506	-4.721828	674.798350
3.743726	-5.096644	131.175952
5.279444	-6.768219	33.408016
6.008436	-6.669519	38.709985
6.253093	-5.384605	240.751286
6.354715	-4.058197	1390.042111
4.516106	-6.968292	20.252777
5.453961	-7.748451	18.674024
10.040178	-7.154674	5.780905
6.071392	-4.399061	1036.864994
2.337333	-4.712145	77.377592
4.315307	-5.631660	92.339424
6.885763	-5.748169	134.909757
5.005008	-7.534401	18.141417
4.239660	-7.454396	14.204983
6.224082	-3.748792	2068.819719
5.081703	-4.592462	714.722189
4.388238	-3.599899	2048.098920
4.559807	-4.039519	1184.144468
5.625243	-5.062401	377.165843
5.627572	-4.020225	1656.334485
5.326744	-3.497340	2360.534954
3.307252	-5.180077	85.518294
6.051487	-5.048190	400.477044
5.729810	-4.351083	1085.851526
6.088763	-5.701324	140.502090
6.819109	-4.980423	426.520637
7.489480	-5.272326	238.014224
5.271717	-3.879620	1752.849968
6.593339	-4.676022	698.997689
5.338124	-2.735933	2095.583667
5.838521	-3.758797	2097.065134
5.689429	-3.448021	2415.445125
6.247108	-6.045261	88.977109
6.645319	-6.114068	77.671359
6.642224	-3.067707	2394.097439
5.116963	-3.173008	2533.645266
3.708551	-1.148911	957.386481
4.681701	-3.165891	2494.062005
5.975102	-6.309974	64.471439
6.762579	-6.585220	38.742777
7.916226	-5.222156	233.376739
7.395674	-4.515910	753.196513
3.946670	-3.512237	2004.264271
3.032531	-4.884678	110.619742
7.556589	-2.782260	1949.982334
7.369629	-1.364196	2500.707028
6.299209	-3.346071	2480.870010
5.904602	-3.158832	2470.992484
6.044679	-2.336348	1852.503974
5.763078	-2.771076	2175.289059
6.529218	-2.445740	2064.198391
4.989592	-1.635092	1319.139060
0.509160	-5.863273	2.366738
2.257563	-3.644874	429.979433
7.552300	-6.422762	33.322078
7.971347	-2.966069	1768.252485
3.608476	-3.798883	1160.787647
2.819999	-4.138401	324.337388
7.705230	-1.853626	2182.686172
0.449604	-0.727268	781.977980
0.510741	-2.207932	121.631677
1.736428	-3.476994	265.711723
3.126653	-4.430448	260.120873
1.936663	-4.817269	43.298090
0.473044	-4.136204	29.167480
3.783143	-3.015328	2500.228204
1.834205	-4.098658	121.554362
2.838093	-5.800184	22.884717
3.108964	-2.721166	2718.879509
6.884096	-1.524069	2511.079260
5.152386	-2.372704	1557.778658
2.542496	-2.288951	2590.594887
4.162630	-1.314461	1224.585586
4.037072	-2.644417	2188.303066
3.229012	-3.510389	1344.499064
2.173441	-7.356883	1.044888
2.514663	-3.072089	1242.198870
2.877886	-3.673856	724.661513
3.564004	-4.254398	472.040617
2.577661	-3.460570	756.529789
2.442844	-4.280455	175.401277
3.344743	-3.040872	2437.298273
1.352325	-4.533026	37.442927
3.903973	-2.162551	1480.053835
2.020427	-3.396485	476.765745
1.770761	-5.295077	18.029445
2.151732	-3.051250	907.078148
1.115498	-4.911181	19.396587
2.180633	-4.000215	210.345202
0.539375	-1.718262	200.638602
0.462525	-3.722646	47.985881
1.961060	-2.730375	1097.154830
1.627136	-3.823826	145.319937
5.786336	-1.848198	1604.368553
0.839437	-3.382675	80.858980
1.272630	-3.867234	94.498404
1.695745	-4.484022	58.188205
1.153939	-3.472869	124.994424
1.465613	-3.224316	265.023098
3.548075	-6.290945	21.086457
0.786054	-4.793200	19.006132
1.136278	-4.191071	46.832861
4.494063	-2.707317	2142.549028
0.204812	-1.393935	251.861235
1.473981	-1.992217	1197.373191
1.558940	-2.822933	546.518395
2.620367	-5.024320	60.917666
1.288609	-2.439698	512.849073
3.480077	-7.778262	6.693543
0.537561	-7.822020	0.032153
6.880245	-2.104884	2078.545352
7.112806	-3.218395	2129.623632
4.743586	-2.351205	1521.256251
0.345483	-2.983469	69.682454
4.246693	-1.801031	1113.770182
4.507354	-0.995916	2253.139890
3.198931	-2.284473	2130.897903
3.275527	-0.326249	1137.689170
4.449623	-0.504116	1480.620447
2.689492	-1.154154	666.492872
1.945506	-1.916593	1865.857062
1.341281	-1.514074	1149.527177
2.086051	-0.809962	602.015684
2.017884	-1.504365	1257.636241
1.656231	-1.232861	987.820263
0.244792	-0.333333	8697.766679
2.936281	-1.533327	951.762762
1.719481	-0.874625	583.929626
3.659383	-0.594585	1039.906380
2.266603	-1.204353	728.030654
2.524545	-0.245869	995.547291
1.559552	-0.498177	605.392183
1.849493	-0.187645	1304.985766
2.862572	-0.572118	876.155925
2.170914	-0.433514	894.316184
6.511231	-1.175063	2404.071754
5.253391	-0.891044	2414.256783
7.437034	-2.290716	2033.057047
7.528826	-0.954058	2378.618034
8.161520	-5.561961	123.978558
9.300530	-2.754815	2483.906339
6.205327	-0.261502	1008.701089
8.062153	-0.443317	1932.547525
5.830380	-0.453552	1015.619882
0.722395	-2.976831	95.018376
0.169304	-3.433198	53.587899
0.887653	-2.534627	170.302423
0.176178	-2.550271	77.371213
4.951694	-1.190793	2478.538709
5.679410	-0.916766	1961.323974
0.983809	-1.362127	803.562204
4.055731	-0.268336	1251.606709
1.178809	-0.310532	2192.887681
0.894038	-0.704467	1415.796257
5.500054	-0.192051	1080.956035
4.800142	-0.235780	1015.168638
5.974318	-1.333295	2185.475078
6.591269	-0.566483	1412.171595
6.995317	-0.304981	1223.313537
5.159570	-0.427830	1798.524690
3.215971	-5.628404	43.099310
3.929279	-5.543891	79.075730
2.517209	-5.491499	26.299592
1.990221	-6.106444	4.824554
0.250384	-6.430725	0.822651
3.845953	-6.596398	18.713088
3.658460	-7.012748	11.697212
2.353883	-6.485838	4.409903
2.752820	-6.345211	10.669962
1.231668	-6.265860	1.435371
2.165240	-6.860503	1.716189
1.293017	-5.339984	10.368392
1.708760	-7.490846	0.370854
1.639749	-6.338754	1.975510
0.972838	-6.643505	0.495209
1.034135	-5.805972	3.231538
1.146409	-7.002169	0.288007
0.516530	-6.751070	0.324834
0.204228	-7.488687	0.036332
1.732912	-6.764179	1.158990
0.894329	-7.265087	0.115950
8.401099	-2.832865	1803.679419
8.004266	-5.912843	66.749312
2.704234	-2.768650	2390.767185
3.514680	-2.032687	1433.103180
3.403321	-1.505616	925.121614
2.821257	-2.013189	1927.045644
4.629315	-1.926784	1160.709015
0.258775	-5.432548	5.273991
5.318997	-1.919697	1341.054205
7.291458	-3.700168	1666.504110
7.989287	-3.418417	1625.526259
6.685741	-4.229717	1109.455955
8.827818	-4.501484	605.232850
7.230411	-4.926307	433.962896
7.076774	-4.123721	1196.669761
7.312060	-5.711967	128.924277
8.119761	-4.812631	418.409639
7.581554	-6.012679	65.696683
8.082918	-6.962676	10.685047
7.200630	-6.723061	25.220377
7.777205	-7.235451	9.463734
7.113034	-7.536835	10.589759
7.331120	-7.151876	13.204595
8.237371	-6.259635	36.981424
8.764614	-5.172934	247.149626
10.967292	-3.797723	2969.006916
6.604970	-7.712311	13.388507
7.988503	-6.578800	23.212180
7.508064	-7.824524	7.698281
7.892452	-7.620411	6.674738
9.531672	-7.787716	1.859242
9.222312	-7.144646	4.648856
8.491271	-7.580877	3.923277
8.773550	-7.784990	2.657214
8.217721	-7.795887	4.705211
9.138555	-7.572706	2.408531
8.837751	-6.908678	7.567074
9.653622	-6.494549	18.094792
11.634587	-7.488008	17.908324
8.884191	-6.510284	18.246722
10.846783	-4.857408	680.418460
10.111289	-6.232511	34.608337
9.638672	-6.929950	7.309972
9.223569	-5.900853	54.256141
10.016934	-7.584380	3.005506
10.523160	-6.486070	25.588927
11.291390	-6.748291	38.115841
9.001039	-3.359434	1871.794509
10.045081	-5.779435	96.056795
9.119926	-5.085053	304.044111
8.001100	-4.076429	1164.425640
9.118178	-3.813440	1549.542077
7.753180	-3.716381	1515.811266
8.622566	-3.264180	1739.908287
7.858277	-4.452404	742.040800
8.354343	-3.542092	1554.480463
8.768730	-4.110680	1097.961996
8.507175	-2.043545	2312.580490
8.525198	-4.806425	401.606269
8.383368	-3.934585	1281.331019
8.604470	-5.518945	122.463455
9.179481	-4.679300	486.621071
8.810567	-5.844411	60.217522
9.527282	-5.631475	105.849169
10.116823	-5.024526	416.652795
9.555341	-3.884810	1681.532349
8.600722	-6.234218	33.858758
9.283701	-6.310852	25.615541
9.747268	-4.266706	1144.881518
9.640070	-3.232828	2640.770454
10.427977	-4.684240	741.871349
8.746790	-1.044697	4354.591624
10.216713	-3.492923	2934.362502
9.790907	-3.548695	2428.770718
9.544632	-4.609524	608.821454
10.499492	-3.849782	2469.626038
9.751823	-4.970553	391.579798
10.265612	-4.287449	1336.723488
9.449865	-5.252407	233.547260
10.332664	-5.454340	240.385826
11.154689	-6.070597	101.508412
11.133243	-5.654061	237.438336
10.786683	-5.390377	344.280280
11.210379	-3.340892	3701.721818
12.308293	-5.689818	289.396166
11.745467	-3.425703	3022.885600
10.248259	-3.075115	3570.104467
9.287366	-3.114937	2334.851080
9.876467	-2.947258	3077.437949
9.803135	-2.364709	3030.632357
9.931030	-0.202091	4470.452261
7.716556	-0.200370	3041.339270
12.252864	-4.177460	1728.305308
11.337054	-2.466531	3820.550895
7.978065	-0.892023	2048.019673
7.368123	-0.505351	2640.319822
8.273754	-1.207278	2890.235670
9.068397	-1.383238	3498.235181
8.160117	-1.758743	2452.929965
8.423722	-0.242946	4708.583440
10.317280	-0.465077	5121.909295
9.749644	-1.723933	3056.656448
9.751572	-0.949979	3963.810088
11.023905	-2.906807	4348.031191
8.812671	-0.529072	5171.580226
3.102475	-6.584459	12.442050
2.555303	-7.655426	2.079839
3.035381	-7.433688	4.825789
0.961517	-7.611409	0.067533
0.470374	-7.142365	0.100380
1.423956	-7.789389	0.124613
1.498402	-7.049948	0.481193
0.179823	-4.513422	18.479216
0.438599	-4.945971	12.176415
10.932416	-6.385566	45.987799
11.259746	-7.093882	19.418696
15.126409	-5.909868	406.036533
11.960058	-6.698458	70.989108
11.331259	-4.168854	2162.514309
11.824286	-3.919152	2420.670836
11.719213	-4.969270	810.435818
14.059458	-4.505161	1180.394699
12.036960	-3.065360	2558.014653
10.549347	-2.799328	4331.709616
12.209708	-4.752694	1096.753134
13.711228	-4.130774	1171.412161
11.815020	-2.540273	2937.384505
10.674622	-2.035564	3886.898871
12.776696	-3.929517	1519.814133
13.935892	-2.534119	1678.663476
13.117992	-2.737136	1486.476735
14.736908	-5.137633	1085.115244
12.696692	-2.705675	1723.222667
11.099679	-2.028508	3768.401107
12.443022	-0.531687	6224.794661
9.548204	-2.066908	2828.337349
12.269017	-0.941173	5632.521872
10.667499	-0.262987	7427.601854
10.437439	-2.366107	4011.053543
10.524037	-1.273494	3664.709594
10.403050	-1.686374	3650.914071
10.103869	-2.235838	3462.370071
10.082077	-1.818312	3310.633793
9.217620	-2.119733	2547.410597
9.704543	-2.665255	2885.292068
8.942419	-1.830621	2769.740192
8.601596	-2.496768	2016.353070
11.632820	-1.498666	2908.368739
11.166451	-0.896890	2749.943122
9.201448	-0.286125	4947.938621
10.238456	-0.926840	4276.854597
9.585604	-0.488216	5017.229712
11.643215	-5.446625	370.813654
11.065571	-0.476521	3312.636038
11.269342	-4.643737	1124.019832
12.540901	-5.979800	230.891878
13.214510	-4.280947	1250.615060
12.597355	-5.481398	414.782119
11.770678	-0.405899	3797.221524
12.474342	-6.294001	140.483677
13.124657	-4.850353	955.894581
12.643688	-5.074157	800.447225
13.518538	-5.124660	783.311183
13.572467	-5.627888	477.192146
13.956621	-4.929643	938.518648
12.814905	-6.633419	106.821831
12.402378	-1.372395	5220.103024
15.620825	-4.631313	1995.719708
15.651733	-5.197697	1454.658298
13.018555	-0.154419	2836.683361
12.893103	-7.466296	43.845431
13.227705	-5.909349	276.832767
11.252602	-1.637924	3251.111008
14.803546	-4.681820	1417.135869
14.092630	-5.715742	481.483650
13.688641	-3.241994	1003.592719
14.576760	-2.570243	1502.317704
13.988741	-1.074870	7685.028731
3.835358	-7.446708	10.111236
3.191816	-6.999728	8.780040
11.967173	-5.736803	248.850070
10.886120	-7.612045	7.408991
14.530964	-6.743294	124.233736
12.829963	-5.771381	299.453539
11.853446	-6.102048	139.340698
12.128008	-6.369264	111.678290
11.550934	-6.228406	96.526751
11.603900	-6.610127	63.836457
12.051257	-7.456072	30.582005
12.173250	-7.014193	50.376676
14.148280	-6.505337	150.813744
12.681762	-7.024417	60.753973
13.408909	-7.682850	45.032158
12.484194	-7.783446	34.500254
13.279205	-6.457187	145.012203
11.413697	-0.213534	7749.655520
10.948532	-1.232100	3213.925807
12.132626	-2.177093	2680.373404
11.585364	-1.043389	2666.918627
11.841465	-0.815385	3466.923300
12.865014	-0.493741	2547.621939
12.022280	-1.701884	3249.175892
12.868854	-1.577617	4647.229776
12.106980	-0.192365	5153.342717
12.565699	-2.320605	2178.456911
12.921829	-2.050618	2662.838534
12.485558	-3.087249	1800.301903
13.278713	-2.343188	2000.993380
12.835020	-3.434828	1440.076402
13.259570	-3.157087	1183.991435
13.988092	-2.897035	1132.097906
13.508139	-0.154419	3184.845082
14.621669	-3.257045	958.596990
14.615838	-0.477514	4818.210232
14.629307	-3.995996	1236.992090
13.901143	-3.679009	1013.428180
14.301828	-5.273848	821.191680
14.471302	-4.393553	1318.707480
14.734518	-6.110891	267.821784
15.168408	-5.459296	938.967098
16.448544	-4.597418	2518.478446
15.876754	-2.726092	1379.467631
16.738917	-2.201228	2839.518692
15.014641	-2.429438	1753.823222
10.844612	-7.217920	11.373977
11.400857	-7.815381	10.743442
10.466999	-6.972832	11.394608
10.485262	-7.796664	3.889007
13.227646	-0.858357	3126.131632
13.876492	-1.839846	4307.823072
14.414885	-2.935257	1088.179084
14.300946	-2.346512	2060.422055
14.407377	-3.655839	1027.485355
15.313797	-1.202622	5988.719614
14.306717	-1.953687	3836.322169
13.643109	-2.261511	2315.997569
15.091017	-2.004607	3988.273930
14.472489	-0.972005	8079.895088
15.093789	-4.004765	1384.862640
15.344183	-3.631599	1211.643012
15.093993	-3.224036	1025.392070
16.090694	-3.159982	1296.093131
15.204138	-4.437099	1682.749684
15.325090	-2.761442	1210.174070
16.072530	-3.928723	1875.762736
15.789220	-3.602895	1396.582902
16.814631	-3.969481	2311.744546
16.528122	-3.285271	1436.545713
16.191704	-5.420863	1263.746391
13.814055	-0.370181	5456.782065
16.960239	-3.092031	1468.469037
16.152644	-2.285200	2812.675747
14.658906	-1.752587	5298.810301
15.490553	-1.687382	5547.353974
16.069112	-0.360263	3630.413779
14.782590	-1.285789	7418.335388
15.776251	-0.172405	5061.558268
15.044297	-0.261751	4940.282913
15.469255	-7.791022	44.800475
15.938777	-1.777496	4978.554192
15.541738	-0.845480	4303.629059
15.453670	-6.243836	253.925047
13.230729	-1.318647	5155.724501
16.034893	-4.376256	2319.994493
22.690425	-2.349966	1813.503446
19.619142	-2.221124	1131.496349
15.880355	-7.543886	50.858047
16.792333	-4.366742	2629.801022
14.259041	-0.215762	3578.946638
16.552768	-6.916030	97.566951
13.687104	-0.734797	4769.938894
13.730504	-1.473815	6363.442447
16.508478	-3.752624	1875.227154
17.214941	-3.842805	2230.936378
16.574447	-5.075641	2020.086481
18.770391	-0.188981	2021.640420
17.099075	-2.568728	1669.336436
16.859056	-1.635453	5338.022485
17.657366	-2.455590	1478.010764
16.371879	-1.384237	5566.433262
17.264275	-1.421202	4622.269604
16.449111	-0.187859	4282.504843
18.592393	-2.348868	1194.104339
17.822441	-0.868045	3830.408928
16.334872	-0.952435	4104.498946
17.113504	-0.528242	3456.634348
15.398673	-0.434156	5041.456720
15.967386	-0.771587	3655.898834
17.702501	-1.608136	4182.912444
16.681390	-0.541111	3962.986991
18.012763	-1.233241	4640.771627
18.619388	-1.624710	3306.736917
19.229936	-0.432078	2992.201532
17.370809	-0.174990	3237.417564
17.359008	-0.933653	3762.034434
17.082627	-4.522617	2620.905890
18.066521	-0.462635	3365.827528
19.677169	-4.437448	1856.938664
14.298966	-6.067437	269.740545
15.195656	-6.602024	159.252786
13.722088	-6.725506	106.592704
14.825924	-6.507871	173.426872
14.595217	-7.095320	76.137851
17.506347	-7.807046	32.309117
13.802462	-7.343617	59.812759
14.292907	-7.475473	56.579660
19.298387	-4.645351	1744.000508
15.309733	-6.967702	93.295174
14.566021	-7.814707	47.878526
19.069364	-1.663731	3070.690049
15.035276	-7.605729	50.253400
15.004254	-7.225575	68.739648
17.142095	-5.990966	373.817544
17.199926	-7.485041	44.057725
15.900746	-6.303664	248.287117
16.400683	-7.752864	45.119372
16.299730	-5.944766	479.227243
17.925629	-7.155918	45.937992
16.084855	-6.794870	122.225845
16.772998	-6.139633	310.063704
17.469440	-6.356566	235.553258
17.235116	-5.355212	1390.761566
20.109775	-6.978852	29.523854
17.130965	-4.806847	2316.196414
17.474837	-7.048578	61.532407
17.538369	-5.097121	1726.668720
19.731156	-7.573075	17.742429
17.851083	-6.210495	267.602666
18.300048	-6.901772	60.319157
18.644206	-3.901978	2192.382276
17.973635	-7.592381	30.156697
17.304167	-6.698057	129.130219
17.860392	-0.174990	3984.322268
18.105422	-3.810390	2231.030219
19.344102	-5.732005	381.702410
19.668072	-7.110942	27.417863
18.404788	-7.785334	22.454296
18.682148	-6.193925	193.200162
18.847912	-7.564871	22.213025
18.791177	-7.117771	37.667744
19.349374	-7.779536	16.977651
19.229554	-6.870304	46.766099
20.901255	-5.189467	565.571865
20.956382	-7.374688	17.901094
19.162160	-6.421338	117.101054
18.258413	-6.426891	145.405364
19.933625	-6.172915	142.635444
21.363222	-7.727242	13.494163
18.478560	-4.801402	1762.629161
21.807260	-7.500594	15.066536
19.905916	-5.405513	476.964184
19.493459	-6.126618	184.674570
20.256782	-7.793539	15.228837
17.849230	-3.351559	1606.285677
20.126133	-5.791926	260.798977
19.016072	-5.636704	517.322718
21.058779	-6.820494	34.795375
19.882032	-1.343722	3693.203714
21.235091	-5.464840	368.163388
20.192544	-5.099647	703.652924
22.732953	-5.383518	347.732496
20.443121	-4.389881	1836.215464
20.123437	-4.705137	1449.162836
18.967709	-5.276404	821.539120
22.593795	-7.421063	16.454323
21.204487	-5.873283	172.162400
21.465723	-4.841369	954.111221
19.549491	-2.664234	998.130354
19.528608	-3.548145	1658.157962
18.844575	-3.002364	1070.080745
20.844329	-4.459780	1700.197902
19.777677	-3.954863	2011.064728
21.538177	-6.664363	41.804092
20.308154	-1.003599	3035.777655
19.792936	-3.041652	1222.637376
18.464176	-2.785938	1031.438768
20.503340	-3.580055	1928.600062
21.168011	-2.815585	1375.441584
17.340906	-3.432708	1698.995677
18.993609	-3.478303	1616.388922
17.342011	-4.389061	2628.098436
18.079096	-4.770977	1989.668756
17.834185	-4.155243	2541.835889
18.810384	-4.434222	2099.899300
16.966575	-5.129194	1959.490517
17.544395	-4.598316	2486.755141
17.320110	-5.676894	685.272504
17.428301	-4.830257	2210.123388
17.798197	-5.789411	558.080436
18.685417	-5.803904	430.556496
17.870527	-5.134105	1513.660522
18.045361	-5.504713	892.435781
17.863031	-4.502051	2426.344636
17.452028	-4.106510	2568.180079
18.640334	-5.184956	1058.971059
18.415704	-5.525139	755.565576
19.564052	-5.391888	568.370523
19.293938	-5.103979	953.909424
16.841928	-6.619690	156.390566
16.740096	-7.430859	53.221747
18.662039	-0.893525	4356.864817
18.486937	-0.476625	2634.014904
19.160246	-0.848977	4692.041943
18.431945	-1.244731	4735.391589
19.380128	-1.239204	4402.900823
19.984031	-1.945424	1454.897888
19.553294	-0.243097	1586.308162
18.380341	-2.013701	2000.608112
18.968455	-2.340094	1093.247686
20.290144	-3.082990	1354.485883
20.894786	-1.740373	1877.778896
17.882637	-2.008616	2342.629101
20.042878	-0.243097	2311.006319
18.026853	-2.897745	1163.227046
20.220972	-6.562180	63.104261
20.495776	-7.440985	18.017035
21.943975	-5.410816	354.868749
22.358527	-6.106636	110.151116
20.709370	-6.470119	65.315563
23.564262	-6.210630	88.464491
22.518035	-6.542959	55.079751
21.590815	-6.164809	102.353069
22.996935	-7.447152	16.188315
21.879818	-6.991909	24.218079
23.184742	-6.709988	41.101720
23.302620	-5.962868	128.927272
22.701755	-5.840498	159.269790
22.256538	-7.773352	13.541340
22.343436	-6.912378	26.659053
24.977547	-6.618481	31.316074
25.838418	-6.503669	24.400323
22.344616	-5.130081	550.185616
21.989084	-5.930392	155.929294
24.477215	-6.027246	102.710834
21.730940	-3.940219	2356.104288
21.970871	-4.511996	1720.873532
21.640513	-4.559866	1568.640474
22.344061	-4.021846	2492.096856
21.467056	-4.185762	2094.718737
23.453246	-5.575619	227.157222
21.524962	-2.424011	1417.724279
21.105879	-4.105101	2109.539460
21.030716	-4.821944	1003.780710
20.952810	-3.669821	2134.353092
20.255201	-3.945435	2064.676156
20.574761	-5.308982	477.137061
21.576310	-5.236791	500.931346
21.707365	-3.509720	2363.981544
21.290413	-3.319984	2010.879113
20.506548	-5.733535	258.793557
20.802439	-6.022462	141.718541
22.176624	-2.911020	1916.715040
20.617213	-2.668357	1215.601826
25.451665	-6.829129	18.268388
23.305512	-7.799441	13.402687
25.444174	-5.755062	122.670166
23.746937	-7.527649	14.102837
23.177103	-3.829596	3233.256126
20.365523	-0.482181	1510.573276
21.970716	-2.512642	1555.946266
20.480557	-2.126120	1316.827453
23.810322	-6.819671	34.352570
22.895943	-3.070542	2592.554422
22.324204	-2.139615	1816.499481
24.161634	-6.682161	39.070803
22.308138	-0.478110	1587.847476
22.268913	-1.636488	2867.914275
21.388393	-1.891036	1998.363777
21.778856	-1.476540	2869.975394
22.664660	-0.794431	2374.588777
21.614873	-0.208984	751.506859
22.678779	-1.280730	3014.586060
20.885145	-0.239084	1227.520107
20.824383	-1.219554	3081.243913
21.660616	-1.013444	2894.617564
24.564961	-6.929821	24.014737
21.203143	-0.448068	1314.882748
21.199750	-0.907121	2755.323073
21.908801	-0.554392	1580.103290
24.446673	-3.608826	3389.503515
24.191425	-7.728207	11.450258
24.177157	-6.227164	75.862895
24.626346	-7.448806	12.411089
25.097184	-5.818088	127.441177
25.153671	-7.720599	8.957581
25.566404	-7.412261	8.789949
25.781410	-6.022000	64.415269
23.608654	-3.644202	3618.475039
19.206379	-2.043949	1412.208291
19.136129	-2.694787	974.184713
22.312914	-4.703090	1315.014904
24.933964	-5.016662	455.543237
23.037971	-2.228368	2011.092335
26.050354	-4.220589	1208.996112
26.679978	-6.312905	20.414587
26.328660	-6.691555	13.055531
29.008889	-6.687309	2.779147
26.100233	-7.691662	5.395806
27.861451	-0.785827	2633.779297
26.475736	-7.296416	4.791704
26.140248	-5.726468	88.995519
27.272001	-7.734950	0.740336
27.456807	-6.048971	20.120062
25.995552	-5.315571	191.539658
24.152558	-4.992113	717.047508
26.548574	-5.829487	56.806456
25.590056	-5.322436	219.882218
27.907738	-6.252568	11.643002
31.599421	-5.857269	111.779490
25.357301	-4.933190	442.561104
24.819729	-5.468935	225.888643
23.684597	-2.335300	2457.923402
27.753435	-5.259106	104.542985
26.215463	-4.933321	341.624567
26.716481	-4.950231	277.598709
24.469323	-5.613945	192.761672
24.874279	-6.170903	74.480108
25.312676	-3.883059	2548.198678
24.800901	-3.964242	2803.747219
24.121396	-5.397428	303.431788
23.002939	-6.072862	107.505726
24.566843	-4.358210	1861.267243
23.031851	-4.325563	2178.905982
23.865194	-6.040088	109.651559
23.817325	-5.623653	197.738746
22.924410	-6.495396	61.519974
23.230072	-7.065677	23.772109
23.657157	-7.146174	22.038193
23.524913	-6.535216	49.542559
25.597687	-4.213592	1427.767880
23.654944	-1.946430	2484.361865
28.912424	-6.115037	14.829401
27.113081	-6.402949	11.976406
23.140693	-1.456075	2471.936351
24.468343	-3.172955	3202.223197
23.184762	-5.228633	460.212357
23.355469	-4.731342	1161.993567
23.284083	-2.909706	2708.504695
22.816090	-3.505503	3086.902737
23.988080	-3.862782	3275.432762
26.904896	-5.435499	98.575641
23.336804	-2.518990	2315.265791
22.601117	-2.801423	2027.855537
22.423494	-3.641241	2831.098632
22.591407	-4.382076	2035.853755
23.839578	-4.652284	1278.522225
26.062836	-3.210547	2164.913521
23.521793	-1.106627	2143.290161
24.036878	-2.941983	3124.180356
23.878179	-0.269553	1574.027606
23.236145	-1.866690	2250.102705
22.078853	-3.315876	2447.046857
22.022996	-4.126981	2261.368000
27.463317	-4.499384	536.208619
24.032973	-2.508726	2709.306955
26.034543	-2.692493	1830.547854
27.380026	-5.564939	59.751656
24.614720	-4.756357	874.778844
24.365358	-1.820967	2999.880527
24.061615	-4.265347	2092.061839
26.972049	-4.559993	558.214355
24.434831	-2.236327	2705.844671
24.843328	-2.924042	2772.569855
22.993376	-0.132702	1090.347009
23.896147	-1.275308	2640.578679
24.813721	-2.420670	2517.013410
23.933846	-1.704496	2797.803276
24.297687	-1.043456	2631.261999
24.657381	-0.288900	1635.834905
24.617278	-1.411126	3281.899273
25.419157	-1.818873	2596.214572
23.500326	-0.585875	1367.397023
25.112405	-0.461650	2517.204169
25.512684	-3.391093	2560.636874
25.261790	-3.019128	2486.990900
26.788999	-4.142956	1052.193899
25.551782	-2.615529	2108.330107
28.577466	-3.204617	1647.736188
25.275532	-2.257304	2285.626241
26.000749	-1.260675	2889.183152
25.913357	-0.172749	2330.529519
25.069586	-1.370778	3141.372244
24.301186	-0.558454	1504.011908
26.438153	-0.635708	2866.800053
26.314028	-2.399725	1579.205410
25.895302	-1.697894	2301.540521
25.771442	-0.917180	3077.592726
29.929281	-3.833110	1474.092643
26.057007	-0.472526	2531.798351
27.981082	-2.510420	1546.297023
27.490351	-0.194482	2580.200343
27.001671	-7.339703	2.164723
27.287698	-6.824886	4.350897
29.507812	-6.922512	2.105895
27.804260	-6.736743	3.599392
28.150070	-7.800024	0.296770
29.065171	-7.748046	0.391788
28.544807	-7.064681	0.911074
30.312743	-7.341211	3.519539
28.043303	-7.051585	1.055007
29.487410	-7.499860	0.931608
30.760662	-7.346745	7.876802
31.189046	-5.963398	68.106824
30.831259	-5.703517	87.758454
30.765092	-5.275132	207.981260
31.078490	-7.757349	9.738211
30.010229	-6.763862	4.829852
31.563974	-7.491309	13.998324
29.984738	-7.751814	1.486808
32.867639	-6.609202	53.091886
31.956127	-6.667190	37.239319
31.072603	-6.814851	16.796385
31.973376	-6.184181	80.951461
33.309677	-6.800540	44.815888
31.552999	-6.959415	20.056741
32.430173	-6.913198	33.739001
32.730486	-5.092553	485.422174
31.985484	-7.733961	15.790072
31.531292	-3.798005	2667.768095
32.448555	-7.448074	21.278927
32.426095	-5.912683	129.390301
32.931821	-7.714113	21.412745
33.355477	-7.370575	27.282667
32.359474	-5.440492	252.165484
31.667250	-4.910533	539.619277
32.846312	-6.091697	106.412186
31.848311	-5.382096	251.391139
33.325439	-5.763472	179.693641
33.276234	-5.236519	413.776952
33.721655	-6.500633	67.972677
34.552439	-4.489322	868.174773
33.687272	-4.855258	733.152823
32.881811	-3.662947	1835.756424
32.067413	-4.466941	1141.936720
31.132608	-4.846295	501.798917
33.758745	-5.981070	131.164914
35.676750	-1.190972	1584.056281
32.619486	-4.590565	990.284767
33.565624	-4.298029	1139.995303
34.261633	-4.920055	665.341199
33.929986	-3.997808	989.476959
36.560279	-5.622949	264.403029
40.736238	-0.309504	665.418977
30.514953	-5.955955	47.106375
30.171014	-6.402698	17.736123
33.043586	-4.177302	1438.498651
31.971476	-3.995233	2167.382295
31.618378	-3.255252	3352.857905
31.133524	-3.967051	1949.210184
31.232818	-2.503107	2616.094219
30.946237	-4.398353	1001.448671
33.266337	-3.189242	1127.104859
30.740403	-3.691801	2231.485681
33.001539	-2.675615	1020.001901
29.674488	-1.455550	2536.635903
30.366475	-3.944101	1503.492754
28.575759	-5.024530	149.416961
32.116871	-3.146517	2766.181012
27.983266	-3.804384	1042.478980
30.752021	-3.254440	3133.193556
30.464114	-4.368657	918.037251
32.361774	-3.604502	2483.935351
32.960879	-1.704665	743.818379
33.991048	-1.529618	885.338834
30.940637	-6.414582	32.253770
28.450083	-2.453935	1801.026225
34.137015	-2.894473	404.266617
32.937380	-0.857743	1749.275633
30.120081	-6.021527	39.772955
28.631782	-2.037134	2055.530123
27.147968	-0.958813	2859.049352
31.232228	-2.986936	3469.803153
29.832378	-3.339912	2213.644836
26.983039	-1.322388	2196.312037
30.281190	-3.013542	2947.232366
29.383425	-3.197445	2025.551333
28.921068	-3.973598	939.301242
30.114845	-4.694560	471.241539
30.229452	-5.153093	197.864868
29.256272	-4.217070	684.275609
28.242062	-5.433730	71.294313
29.900748	-5.647050	75.998641
30.565886	-6.337126	29.913737
29.094778	-1.966246	2445.810580
28.098938	-3.327449	1439.204858
27.721700	-2.172358	1429.307677
28.420540	-4.161455	702.186847
28.962322	-3.493694	1515.734174
27.770670	-2.962063	1527.671166
27.151931	-3.799715	1220.088736
28.298957	-4.615890	310.254060
29.344198	-4.653964	383.927250
27.546807	-3.982736	932.972470
26.955834	-3.362000	1610.853981
26.411885	-3.465879	1831.916706
26.361034	-4.000241	1427.157675
27.778192	-4.775466	264.772926
28.319584	-5.943161	22.812882
29.352799	-5.614599	54.709484
29.093657	-5.033522	148.905365
29.745403	-4.562081	539.829138
29.657477	-4.125187	834.627333
25.557127	-4.609450	780.143256
26.009794	-4.616447	705.089826
23.105106	-0.449024	1890.473668
22.503793	-0.132702	912.811488
25.423774	-0.172749	2869.152125
25.316423	-0.906304	3197.055305
26.388109	-1.151952	2660.746767
27.575486	-1.040491	2562.204813
26.810611	-1.999414	1489.193864
27.607287	-1.464813	1787.123728
28.558538	-0.427698	2722.318637
28.568670	-1.211638	2772.688321
26.642797	-1.410233	2233.791953
27.893153	-1.735941	1629.706697
26.570550	-1.776980	1754.303680
27.231521	-1.605261	1711.581444
26.210414	-1.955919	1812.145803
27.131342	-1.915539	1444.591039
26.710635	-2.401406	1432.968240
27.214581	-2.965245	1531.380177
27.335653	-2.211508	1354.828822
27.038947	-2.552752	1385.226095
26.857770	-0.530414	3498.143610
28.334235	-1.657203	2096.249333
28.718199	-2.782746	1885.015568
29.215768	-2.749040	2168.630986
30.307346	-2.499172	2735.072884
29.410648	-2.349342	2439.263002
29.025803	-1.207803	3129.199445
29.254363	-1.582480	2693.134380
28.237621	-0.173735	3526.127486
31.553652	-0.603973	1904.050169
29.726476	-0.214199	3790.597700
30.007333	-1.698212	2212.712785
29.320295	-0.881935	2981.939167
30.435285	-0.195958	3315.001529
29.313018	-0.468161	2823.733535
29.721278	-1.041110	2571.176381
30.503870	-1.418117	1775.498621
30.778766	-2.256241	2259.285125
30.746924	-0.544503	1929.207910
30.039911	-0.823294	2505.832963
31.372496	-1.589785	1312.794663
30.052386	-0.410157	2614.298170
30.489657	-0.957640	1992.986793
27.000767	-0.194482	2871.224291
27.821722	-0.368218	2556.242552
28.961541	-0.253963	2241.108733
28.353475	-0.845307	2966.748135
31.610239	-2.144543	1749.552914
30.871036	-1.685210	1505.266048
32.116307	-2.197020	1476.870435
31.155389	-0.348544	3112.087346
32.372111	-2.691334	1741.068739
33.275017	-2.168763	548.056757
31.660860	-1.164984	1451.489541
32.431598	-1.717203	1006.473758
34.461411	-0.452845	1072.356550
33.051874	-0.434259	1842.046708
32.213894	-1.239924	1214.602844
31.976388	-0.255429	2017.919416
34.417211	-1.254551	1334.668983
33.858957	-2.044059	398.288055
32.686891	-0.186078	1162.127265
35.068854	-2.644234	271.309347
37.088054	-1.748583	977.414368
33.645707	-1.169794	1161.569776
33.199478	-1.220137	1240.700762
33.850685	-0.800762	1182.950626
34.996078	-1.863104	669.738758
34.133134	-0.179440	1099.089007
32.350780	-0.441507	1333.154009
33.411857	-0.248180	1118.890068
32.481078	-0.864992	1553.022638
36.592547	-2.371018	440.372978
35.253456	-1.023419	1508.930617
33.763741	-0.427620	1049.188480
34.843902	-0.273405	865.236812
34.303564	-0.825987	1250.430074
36.745216	-0.491735	878.929989
36.358920	-0.237499	575.247211
34.857087	-1.388478	1345.212388
35.824024	-1.678753	1280.221477
34.744760	-2.268643	316.014459
34.342440	-4.124304	896.032507
35.622318	-0.242945	790.304416
34.232345	-2.408194	286.977016
35.557735	-2.462353	309.667878
36.273037	-1.658896	1292.661838
37.160177	-1.294802	1525.591313
33.763111	-3.228202	708.998028
35.996862	-0.480445	850.804432
34.521475	-3.165353	406.125078
35.539721	-1.985826	649.183820
36.741883	-0.978946	1252.683070
36.176075	-3.590412	390.685987
35.876570	-2.753321	267.413291
36.014058	-0.921403	1297.713712
36.372782	-1.165669	1400.939003
36.570015	-1.925955	888.901244
37.105046	-0.254236	743.680363
33.963031	-3.610078	769.628264
34.400745	-3.522204	612.829189
35.965471	-4.482779	765.874117
37.649629	-3.299706	385.360405
35.728326	-3.343945	321.963683
37.515975	-0.503943	698.025634
36.952309	-3.212043	337.904183
35.281534	-3.463407	383.515605
35.354256	-5.205676	454.759465
37.557649	-4.921828	496.691328
37.574439	-1.057298	1561.954025
38.893957	-1.980408	556.151378
37.864053	-0.249708	261.220533
36.330102	-2.702001	293.881068
37.326970	-2.097452	563.734796
27.797071	-7.534974	0.512785
28.621491	-7.548070	0.385546
34.727817	-7.299735	27.966737
34.731931	-6.692433	55.696058
34.589387	-3.800752	719.692249
34.940898	-3.054664	317.819354
35.076212	-4.328657	840.700925
35.050753	-3.852643	637.186659
35.282513	-6.187051	123.275669
36.575311	-6.904348	41.405756
40.434609	-2.631402	520.233295
38.334734	-0.497460	3130.628092
37.998772	-1.249582	1886.874281
38.902972	-0.247752	576.434872
38.653887	-2.357892	433.228016
39.279720	-2.017969	496.767346
38.291473	-2.352556	437.567703
39.440530	-0.516504	869.170261
39.280046	-1.037621	907.042499
38.410989	-0.943980	2536.100583
38.818743	-1.215389	1266.697954
37.990645	-3.356237	419.718286
40.006677	-2.691174	465.468972
39.663368	-1.318749	878.674320
39.949016	-0.268752	1062.965073
39.844297	-3.043542	507.913390
40.916048	-1.443078	1362.221930
40.169465	-1.107136	1013.007013
40.294629	-0.578256	818.910330
41.351890	-2.216921	733.580400
39.430026	-2.406630	426.962424
40.450551	-1.438630	1124.551682
38.607442	-3.070946	406.429417
39.444274	-3.096034	477.376911
35.779714	-5.504123	324.972254
34.050488	-7.792318	21.850418
34.196013	-5.788577	184.411844
34.551358	-7.044522	37.868120
34.446153	-5.342180	353.482133
34.528829	-6.091909	134.030982
34.941888	-5.441537	316.481270
34.086383	-6.663002	56.524084
35.153806	-6.610664	63.646015
35.292433	-7.633539	22.303093
39.256536	-5.792874	105.915911
34.933178	-5.913958	174.545575
35.716681	-6.013077	165.273031
36.521633	-7.411228	24.381707
36.218363	-5.329518	395.052728
35.396873	-6.956426	39.344591
36.968727	-5.483399	296.657234
36.751697	-4.740435	647.095034
35.451414	-4.624103	777.760966
36.105545	-6.269941	109.226045
37.135884	-6.105079	114.697098
36.873239	-6.677553	57.131314
39.774825	-4.129794	662.570037
37.825779	-5.331215	287.984172
37.071545	-5.040656	491.354711
39.409592	-4.410386	608.504505
37.230081	-4.009417	642.612125
37.681232	-4.388844	677.568801
36.268801	-4.044564	652.010141
38.159023	-4.192411	665.838391
38.236416	-3.689160	527.835234
36.306963	-4.889747	629.982788
36.786650	-4.242180	703.769803
38.661442	-3.494880	502.496178
38.100974	-2.676192	383.786848
39.365428	-3.503542	574.849529
39.235041	-2.769203	404.465599
39.024517	-4.214300	648.403915
39.996655	-4.910899	382.599168
39.009624	-3.705926	592.833463
40.389466	-3.445907	712.319455
38.598942	-4.506505	610.554383
39.745555	-3.731324	648.311258
40.144638	-4.401684	620.301417
36.127648	-6.703725	54.221036
38.290887	-5.396053	234.860124
39.186644	-5.235799	266.368792
40.023555	-3.427656	631.646295
40.638140	-3.002021	657.463806
38.650948	-5.042183	355.451150
39.519712	-4.896207	416.026235
40.276568	-1.896907	655.364294
39.599331	-1.753533	591.679242
43.647644	-3.003309	3473.942650
40.481140	-4.234371	722.392740
39.801639	-2.381093	445.927957
39.931445	-2.000197	534.077230
39.580171	-7.796400	5.359639
40.842933	-4.415039	644.578076
38.680611	-1.633611	862.606084
38.844666	-2.758026	390.223839
38.165184	-1.665849	948.618277
37.757944	-2.613672	383.826690
38.016116	-2.007311	571.276789
37.674358	-2.177416	483.731303
37.542118	-2.875397	351.235234
38.226164	-2.994448	387.126505
37.174476	-2.818061	342.832744
37.276204	-3.540158	428.041534
37.042913	-2.476371	416.680751
36.558302	-3.201337	315.140689
41.346729	-2.749435	825.753990
40.575513	-3.783597	808.075026
33.828311	-7.448780	26.305337
34.545876	-7.639866	22.398560
34.456288	-6.446771	74.225292
34.147239	-7.041114	37.398729
34.901638	-7.847547	20.701984
36.886383	-7.711188	16.957286
38.171570	-7.448257	11.974297
35.151457	-7.293408	28.223937
36.510494	-6.054418	142.520970
35.765795	-7.785992	21.477145
38.404406	-5.876502	108.021771
38.834360	-6.079707	72.097276
38.062483	-6.208566	73.607960
38.934338	-7.796400	5.912346
39.006455	-6.928856	14.422932
41.481804	-4.842817	391.317581
37.426576	-6.333645	82.410463
38.733537	-6.555727	32.485515
37.359575	-7.491881	15.782437
38.223328	-6.614444	36.189357
38.674383	-7.463965	8.910422
40.491333	-6.025726	55.029875
41.301477	-5.974862	49.713077
37.993432	-6.971865	20.887967
39.556695	-6.900439	12.592937
40.779107	-7.731862	4.138434
39.870457	-7.435548	6.522980
37.504354	-7.015489	24.075709
40.364960	-6.459895	24.758956
37.785692	-7.780693	11.956507
40.239377	-5.263925	188.076735
41.416146	-4.011509	892.850386
41.739211	-5.190439	201.456893
41.126546	-3.465138	933.318273
41.005834	-4.856080	375.179349
41.657733	-4.326524	712.938203
40.881219	-5.772690	78.640624
41.300956	-7.450162	4.094681
43.353420	-4.602598	548.212373
42.252797	-3.092783	1514.475898
35.818931	-6.996596	36.811346
37.287256	-6.708040	47.448951
36.046878	-7.486031	25.340245
37.718433	-6.122087	102.759697
36.830525	-6.261407	98.054671
37.595248	-5.725186	178.639760
37.224300	-5.758541	185.594810
39.699121	-5.980048	62.121852
40.756204	-5.253168	181.653484
40.641862	-6.813039	11.399072
41.355310	-7.028853	7.940334
40.106626	-5.720136	86.093340
39.832895	-6.482757	26.254534
40.423559	-7.371009	6.010524
42.972612	-7.429601	4.494733
42.291686	-7.025032	6.245371
41.051764	-6.752582	11.493781
41.631871	-6.704142	11.819773
41.328325	-6.427871	18.455902
43.422952	-7.397934	5.380992
43.449237	-6.455598	16.172205
42.582357	-3.657987	1696.281348
41.683163	-1.057522	1743.780994
42.202734	-5.094763	230.211743
43.788743	-6.109962	30.259413
41.683955	-5.688347	86.042978
42.801840	-5.615707	90.070622
43.007612	-6.469033	15.138896
42.754514	-6.110693	33.896528
42.381022	-5.475039	110.599425
43.189919	-3.613219	2083.619751
43.649937	-4.812542	373.021587
42.754192	-4.576016	622.783713
45.039556	-1.175920	6647.792873
41.799083	-1.979215	906.241392
42.021219	-6.650443	12.260794
42.081078	-5.852185	65.453980
43.016933	-4.861561	409.076353
43.453365	-3.917779	1702.387965
42.567476	-2.172156	1170.470948
41.948568	-1.441805	1325.360109
42.885562	-2.937887	2194.785135
41.479750	-0.228017	1138.442635
42.156345	-2.348611	1012.549645
43.344957	-1.734502	1202.388396
41.692583	-2.943187	1061.332632
42.912725	-4.200596	1039.986180
43.616554	-1.354508	1120.655100
42.966710	-0.246137	2214.923880
44.802505	-0.422121	3556.468822
42.648633	-1.722077	1155.953286
41.090988	-0.537520	1849.083745
43.824945	-5.642492	85.688153
43.289590	-4.259771	1026.058438
43.090601	-5.323600	190.137168
43.358196	-2.184855	1876.908099
44.614265	-6.183756	25.370806
44.053324	-1.330642	1392.978803
42.584997	-0.542314	1682.510019
42.914969	-2.461871	1668.434407
40.574694	-2.218031	584.288387
41.029129	-3.054248	793.251108
40.921605	-3.750601	881.033985
42.055005	-2.780067	1175.208143
41.077316	-4.086759	828.539198
41.465237	-3.602794	1057.762780
41.713673	-3.385655	1217.317618
42.024263	-3.466114	1414.940043
42.221723	-3.800893	1358.725282
42.563677	-3.182176	1875.428566
42.087928	-4.230501	844.720839
42.375520	-4.651117	515.784799
44.582575	-2.701623	5577.823918
44.245797	-7.536758	4.689009
43.831481	-3.819250	1986.293700
46.683703	-6.403279	9.368000
44.024702	-4.638749	483.442450
42.851781	-3.832936	1643.804413
43.242381	-3.193981	2765.702743
43.973298	-3.324017	3346.348044
44.423348	-3.195090	3905.145591
43.734053	-2.470199	3342.760755
44.130848	-4.150718	1080.592811
44.908695	-1.670967	5950.295750
46.677083	-7.666667	0.150299
44.723962	-3.560416	2157.282094
43.713975	-7.750074	4.472869
44.202450	-6.363983	20.290555
45.502657	-7.816735	2.138685
44.097108	-6.811833	10.994402
44.310432	-5.418347	111.065172
43.662446	-6.909490	9.610569
44.625572	-7.786684	3.591722
45.555618	-7.112392	3.171956
44.389436	-7.086961	7.042179
45.815524	-3.891471	721.259829
44.846411	-6.935388	7.161568
45.142929	-7.201920	4.040237
45.065729	-7.603419	3.070620
46.105583	-5.073197	107.809131
44.965899	-6.480033	13.380098
44.686045	-5.705590	59.839259
45.474713	-6.333109	13.415710
45.581878	-5.797127	36.646051
45.111093	-2.603260	6090.701854
45.403381	-3.035574	2834.194151
44.760576	-4.765704	312.643782
44.573279	-4.020811	1164.678295
45.148451	-5.004603	192.409921
45.420639	-3.893684	925.448847
44.846353	-4.334803	594.540825
45.175477	-3.499263	1886.004165
45.144844	-5.465884	75.423329
45.242199	-4.268829	553.913271
46.482024	-5.871346	29.366396
45.448284	-4.690211	295.537972
46.044149	-3.545779	952.180737
46.502457	-3.717542	682.765526
44.381355	-4.939743	259.063719
43.521103	-5.337681	185.636636
44.375155	-1.782758	3532.680990
45.767914	-6.698937	5.030173
45.280991	-2.087285	7725.389205
46.496062	-4.181534	386.896740
44.218933	-2.297440	4441.263266
46.135813	-2.253957	2144.454817
46.567051	-5.010678	107.587324
45.788362	-1.935029	6604.001900
44.443074	-0.187913	3247.737750
46.197032	-0.276265	3531.213560
45.577296	-0.510473	2858.134429
45.914627	-1.367181	7271.255434
46.443390	-1.186597	1815.530799
44.105021	-0.465052	1906.813595
46.042563	-4.272513	406.704819
46.593814	-2.911465	1045.720925
45.853764	-4.696108	236.774708
46.768730	-4.542611	205.161232
46.020556	-5.600531	48.755068
46.775126	-3.411952	837.102629
46.798321	-5.468067	56.019557
46.818688	-2.499512	921.009411
45.877168	-3.084302	1686.681622
46.575463	-2.076511	999.032699
46.154164	-2.755578	1563.201883
44.272243	-0.892847	1702.683490
46.756775	-1.576999	638.766554
45.156306	-0.234208	1242.470405
44.724934	-0.849916	2717.462890
45.538116	-1.024390	10686.942743
46.686615	-0.609598	544.617755
42.246917	-6.221663	29.478767
41.709349	-7.718300	2.987368
42.617801	-7.781740	3.245555
42.770481	-6.954592	7.131780
41.186530	-1.070849	1978.302217
42.170900	-7.500041	3.480730
42.212038	-0.296177	1757.515476
41.832413	-0.524194	1025.981065
42.986329	-1.150443	1304.540647
43.724448	-0.277139	2332.022160
43.363032	-0.523276	1819.738747
43.338275	-0.974937	1304.631463
42.629374	-0.994959	1586.012030
42.386986	-1.361121	1399.416487
42.982887	-1.561438	1156.507669
46.329928	-7.363824	0.796111
45.801335	-7.513892	1.674766
46.336547	-6.767103	3.185464
