48
# x y z
0	0	0
1	0	0
2	0	0
3	0	0
4	0	0
5	0	0
6	0	0
7	0	0
8	0	0
9	0	0
10	0	0
11	0	0
12	0	0
13	0	0
14	0	0
15	0	0
16	0	0
17	0	0
18	0	0
19	0	0
20	0	0
21	0	0
22	0	0
23	0	0
24	0	0
25	0	0
26	0	0
27	0	0
28	0	0
29	0	0
30	0	0
31	0	0
32	0	0
33	0	0
34	0	0
35	0	0
36	0	0
37	0	0
38	0	0
39	0	0
40	0	0
41	0	0
42	0	0
43	0	0
44	0	0
45	0	0
46	0	0
47	0	0
400
# a b m n rhoa k err ip iperr
1	4	2	3	7.10723000000000e+02	6.28666963703216e+00	3.00014070179240e-02	0.00000000000000e+00	0.00000000000000e+00
2	5	3	4	7.61728000000000e+02	6.28434098610216e+00	3.00013128045707e-02	0.00000000000000e+00	0.00000000000000e+00
3	6	4	5	1.02056500000000e+03	6.28747659187937e+00	3.00009798493971e-02	0.00000000000000e+00	0.00000000000000e+00
4	7	5	6	1.07231200000000e+03	6.28622304021682e+00	3.00009325644029e-02	0.00000000000000e+00	0.00000000000000e+00
5	8	6	7	1.30610300000000e+03	6.28208413401009e+00	3.00007656364008e-02	0.00000000000000e+00	0.00000000000000e+00
6	9	7	8	1.37678000000000e+03	6.28530375044227e+00	3.00007263324569e-02	0.00000000000000e+00	0.00000000000000e+00
7	10	8	9	1.98200000000000e+03	6.28288530576602e+00	3.00005045408678e-02	0.00000000000000e+00	0.00000000000000e+00
8	11	9	10	3.03542500000000e+03	6.28698038755141e+00	3.00003294431587e-02	0.00000000000000e+00	0.00000000000000e+00
9	12	10	11	2.82645500000000e+03	6.28680182551351e+00	3.00003538000782e-02	0.00000000000000e+00	0.00000000000000e+00
10	13	11	12	3.74893900000000e+03	6.28264474005191e+00	3.00002667421369e-02	0.00000000000000e+00	0.00000000000000e+00
11	14	12	13	3.26618200000000e+03	6.28591747971923e+00	3.00003061678743e-02	0.00000000000000e+00	0.00000000000000e+00
12	15	13	14	3.51568800000000e+03	6.28443483239002e+00	3.00002844393473e-02	0.00000000000000e+00	0.00000000000000e+00
13	16	14	15	3.73495000000000e+03	6.28156477712437e+00	3.00002677412014e-02	0.00000000000000e+00	0.00000000000000e+00
14	17	15	16	3.63589300000000e+03	6.29502792682768e+00	3.00002750355965e-02	0.00000000000000e+00	0.00000000000000e+00
15	18	16	17	4.00319600000000e+03	6.27912843526406e+00	3.00002498004095e-02	0.00000000000000e+00	0.00000000000000e+00
16	19	17	18	3.36967300000000e+03	6.29168557922248e+00	3.00002967647009e-02	0.00000000000000e+00	0.00000000000000e+00
17	20	18	19	3.27200900000000e+03	6.28157586051034e+00	3.00003056226312e-02	0.00000000000000e+00	0.00000000000000e+00
18	21	19	20	2.90156300000000e+03	6.28293471336220e+00	3.00003446418361e-02	0.00000000000000e+00	0.00000000000000e+00
19	22	20	21	2.25339200000000e+03	6.28549400307309e+00	3.00004437754283e-02	0.00000000000000e+00	0.00000000000000e+00
20	23	21	22	2.12466700000000e+03	6.28718965948591e+00	3.00004706619908e-02	0.00000000000000e+00	0.00000000000000e+00
21	24	22	23	1.42262500000000e+03	6.27935026718881e+00	3.00007029259292e-02	0.00000000000000e+00	0.00000000000000e+00
22	25	23	24	1.60717700000000e+03	6.29411397214803e+00	3.00006222090037e-02	0.00000000000000e+00	0.00000000000000e+00
23	26	24	25	1.72908500000000e+03	6.27165156629383e+00	3.00005783405674e-02	0.00000000000000e+00	0.00000000000000e+00
24	27	25	26	1.69448300000000e+03	6.29780018610248e+00	3.00005901505061e-02	0.00000000000000e+00	0.00000000000000e+00
25	28	26	27	2.38115200000000e+03	6.27758741327158e+00	3.00004199647902e-02	0.00000000000000e+00	0.00000000000000e+00
26	29	27	28	2.42236300000000e+03	6.29188392397604e+00	3.00004128200439e-02	0.00000000000000e+00	0.00000000000000e+00
27	30	28	29	2.42267600000000e+03	6.28469351836067e+00	3.00004127667092e-02	0.00000000000000e+00	0.00000000000000e+00
28	31	29	30	2.47224500000000e+03	6.28461509562416e+00	3.00004044906553e-02	0.00000000000000e+00	0.00000000000000e+00
29	32	30	31	2.37898900000000e+03	6.28757161843886e+00	3.00004203466262e-02	0.00000000000000e+00	0.00000000000000e+00
30	33	31	32	1.88001800000000e+03	6.28113902080905e+00	3.00005319098009e-02	0.00000000000000e+00	0.00000000000000e+00
31	34	32	33	1.90572400000000e+03	6.28955181838695e+00	3.00005247349564e-02	0.00000000000000e+00	0.00000000000000e+00
32	35	33	34	1.31642100000000e+03	6.28141317914957e+00	3.00007596354054e-02	0.00000000000000e+00	0.00000000000000e+00
33	36	34	35	1.15673900000000e+03	6.28396090312826e+00	3.00008644992518e-02	0.00000000000000e+00	0.00000000000000e+00
34	37	35	36	9.11836000000000e+02	6.28879053050303e+00	3.00010966884396e-02	0.00000000000000e+00	0.00000000000000e+00
35	38	36	37	8.65660000000000e+02	6.28537695750602e+00	3.00011551879491e-02	0.00000000000000e+00	0.00000000000000e+00
36	39	37	38	7.79721000000000e+02	6.28871885054432e+00	3.00012825100260e-02	0.00000000000000e+00	0.00000000000000e+00
37	40	38	39	6.68160000000000e+02	6.28805271495431e+00	3.00014966475096e-02	0.00000000000000e+00	0.00000000000000e+00
38	41	39	40	8.94776000000000e+02	6.28241795760566e+00	3.00011175981475e-02	0.00000000000000e+00	0.00000000000000e+00
39	42	40	41	8.04684000000000e+02	6.28705026942024e+00	3.00012427238518e-02	0.00000000000000e+00	0.00000000000000e+00
40	43	41	42	8.04785000000000e+02	6.28196432260832e+00	3.00012425678908e-02	0.00000000000000e+00	0.00000000000000e+00
41	44	42	43	1.13758500000000e+03	6.28827540974898e+00	3.00008790551915e-02	0.00000000000000e+00	0.00000000000000e+00
42	45	43	44	1.32236000000000e+03	6.28375573724291e+00	3.00007562237212e-02	0.00000000000000e+00	0.00000000000000e+00
43	46	44	45	1.48505400000000e+03	6.28931433626498e+00	3.00006733761870e-02	0.00000000000000e+00	0.00000000000000e+00
44	47	45	46	2.47910400000000e+03	6.28063103924774e+00	3.00004033715407e-02	0.00000000000000e+00	0.00000000000000e+00
45	48	46	47	2.80482800000000e+03	6.28861770365665e+00	3.00003565281008e-02	0.00000000000000e+00	0.00000000000000e+00
1	7	3	5	8.90200000000000e+02	1.25691847197336e+01	3.00011233430690e-02	0.00000000000000e+00	0.00000000000000e+00
2	8	4	6	1.18955100000000e+03	1.25682463184959e+01	3.00008406533221e-02	0.00000000000000e+00	0.00000000000000e+00
3	9	5	7	1.37803100000000e+03	1.25691347389462e+01	3.00007256730799e-02	0.00000000000000e+00	0.00000000000000e+00
4	10	6	8	1.37956700000000e+03	1.25702099205256e+01	3.00007248651207e-02	0.00000000000000e+00	0.00000000000000e+00
5	11	7	9	1.70277300000000e+03	1.25703126177428e+01	3.00005872773411e-02	0.00000000000000e+00	0.00000000000000e+00
6	12	8	10	2.39044400000000e+03	1.25689808264729e+01	3.00004183323265e-02	0.00000000000000e+00	0.00000000000000e+00
7	13	9	11	2.59279500000000e+03	1.25675350663401e+01	3.00003856841748e-02	0.00000000000000e+00	0.00000000000000e+00
8	14	10	12	2.59567900000000e+03	1.25682225151243e+01	3.00003852556499e-02	0.00000000000000e+00	0.00000000000000e+00
9	15	11	13	2.91931600000000e+03	1.25704892340183e+01	3.00003425459936e-02	0.00000000000000e+00	0.00000000000000e+00
10	16	12	14	3.19844800000000e+03	1.25700891007009e+01	3.00003126516360e-02	0.00000000000000e+00	0.00000000000000e+00
11	17	13	15	3.13289800000000e+03	1.25688704372481e+01	3.00003191932837e-02	0.00000000000000e+00	0.00000000000000e+00
12	18	14	16	3.18155200000000e+03	1.25684569533476e+01	3.00003143120087e-02	0.00000000000000e+00	0.00000000000000e+00
13	19	15	17	3.39720500000000e+03	1.25692924716658e+01	3.00002943596280e-02	0.00000000000000e+00	0.00000000000000e+00
14	20	16	18	3.18820000000000e+03	1.25696165417560e+01	3.00003136566087e-02	0.00000000000000e+00	0.00000000000000e+00
15	21	17	19	3.03058000000000e+03	1.25694522484781e+01	3.00003299698408e-02	0.00000000000000e+00	0.00000000000000e+00
16	22	18	20	2.85029700000000e+03	1.25695719164345e+01	3.00003508406317e-02	0.00000000000000e+00	0.00000000000000e+00
17	23	19	21	2.69584500000000e+03	1.25701447633352e+01	3.00003709412077e-02	0.00000000000000e+00	0.00000000000000e+00
18	24	20	22	2.34253400000000e+03	1.25686972927689e+01	3.00004268881476e-02	0.00000000000000e+00	0.00000000000000e+00
19	25	21	23	2.05379100000000e+03	1.25679584390565e+01	3.00004869044611e-02	0.00000000000000e+00	0.00000000000000e+00
20	26	22	24	2.00566300000000e+03	1.25686178132543e+01	3.00004985882474e-02	0.00000000000000e+00	0.00000000000000e+00
21	27	23	25	2.02681000000000e+03	1.25708522783726e+01	3.00004933861585e-02	0.00000000000000e+00	0.00000000000000e+00
22	28	24	26	1.92160000000000e+03	1.25698015694838e+01	3.00005203996669e-02	0.00000000000000e+00	0.00000000000000e+00
23	29	25	27	2.05238900000000e+03	1.25684318476540e+01	3.00004872370686e-02	0.00000000000000e+00	0.00000000000000e+00
24	30	26	28	2.33395500000000e+03	1.25680668518994e+01	3.00004284572753e-02	0.00000000000000e+00	0.00000000000000e+00
25	31	27	29	2.11251000000000e+03	1.25696070434105e+01	3.00004733705403e-02	0.00000000000000e+00	0.00000000000000e+00
26	32	28	30	1.94321400000000e+03	1.25709496964536e+01	3.00005146113604e-02	0.00000000000000e+00	0.00000000000000e+00
27	33	29	31	1.91254500000000e+03	1.25685468156687e+01	3.00005228635143e-02	0.00000000000000e+00	0.00000000000000e+00
28	34	30	32	1.82299600000000e+03	1.25677853281829e+01	3.00005485475558e-02	0.00000000000000e+00	0.00000000000000e+00
29	35	31	33	1.63500200000000e+03	1.25695249137453e+01	3.00006116200469e-02	0.00000000000000e+00	0.00000000000000e+00
30	36	32	34	1.44090800000000e+03	1.25697557024708e+01	3.00006940068346e-02	0.00000000000000e+00	0.00000000000000e+00
31	37	33	35	1.19059800000000e+03	1.25680428388050e+01	3.00008399140600e-02	0.00000000000000e+00	0.00000000000000e+00
32	38	34	36	1.04678600000000e+03	1.25690255225348e+01	3.00009553050958e-02	0.00000000000000e+00	0.00000000000000e+00
33	39	35	37	9.63210000000000e+02	1.25704217608274e+01	3.00010381952015e-02	0.00000000000000e+00	0.00000000000000e+00
34	40	36	38	8.01952000000000e+02	1.25693036091674e+01	3.00012469574239e-02	0.00000000000000e+00	0.00000000000000e+00
35	41	37	39	6.95048000000000e+02	1.25679697057612e+01	3.00014387495540e-02	0.00000000000000e+00	0.00000000000000e+00
36	42	38	40	8.71236000000000e+02	1.25692048982742e+01	3.00011477946274e-02	0.00000000000000e+00	0.00000000000000e+00
37	43	39	41	9.59634000000000e+02	1.25702546599216e+01	3.00010420639535e-02	0.00000000000000e+00	0.00000000000000e+00
38	44	40	42	8.29882000000000e+02	1.25702708028516e+01	3.00012049905890e-02	0.00000000000000e+00	0.00000000000000e+00
39	45	41	43	9.78131000000000e+02	1.25687837411883e+01	3.00010223579459e-02	0.00000000000000e+00	0.00000000000000e+00
40	46	42	44	1.29466300000000e+03	1.25687483006006e+01	3.00007724017756e-02	0.00000000000000e+00	0.00000000000000e+00
41	47	43	45	1.50089500000000e+03	1.25687848950573e+01	3.00006662691261e-02	0.00000000000000e+00	0.00000000000000e+00
42	48	44	46	2.01002100000000e+03	1.25697416189600e+01	3.00004975072400e-02	0.00000000000000e+00	0.00000000000000e+00
1	10	4	7	1.17507100000000e+03	1.88747655710618e+01	3.00008510124069e-02	0.00000000000000e+00	0.00000000000000e+00
2	11	5	8	1.16914000000000e+03	1.88753931323567e+01	3.00008553295585e-02	0.00000000000000e+00	0.00000000000000e+00
3	12	6	9	1.35271100000000e+03	1.88757782978907e+01	3.00007392562048e-02	0.00000000000000e+00	0.00000000000000e+00
4	13	7	10	1.74935500000000e+03	1.88751953923803e+01	3.00005716392613e-02	0.00000000000000e+00	0.00000000000000e+00
5	14	8	11	2.14364700000000e+03	1.88742686890714e+01	3.00004664947167e-02	0.00000000000000e+00	0.00000000000000e+00
6	15	9	12	2.48851700000000e+03	1.88742654132055e+01	3.00004018457579e-02	0.00000000000000e+00	0.00000000000000e+00
7	16	10	13	2.52074300000000e+03	1.88746940810473e+01	3.00003967084308e-02	0.00000000000000e+00	0.00000000000000e+00
8	17	11	14	2.30523100000000e+03	1.88757224196213e+01	3.00004337960057e-02	0.00000000000000e+00	0.00000000000000e+00
9	18	12	15	2.33612300000000e+03	1.88751391188745e+01	3.00004280596527e-02	0.00000000000000e+00	0.00000000000000e+00
10	19	13	16	2.52893700000000e+03	1.88749229998663e+01	3.00003954230572e-02	0.00000000000000e+00	0.00000000000000e+00
11	20	14	17	2.60638400000000e+03	1.88741945907531e+01	3.00003836733190e-02	0.00000000000000e+00	0.00000000000000e+00
12	21	15	18	2.65530100000000e+03	1.88746677135163e+01	3.00003766051382e-02	0.00000000000000e+00	0.00000000000000e+00
13	22	16	19	2.68534800000000e+03	1.88749384879084e+01	3.00003723912134e-02	0.00000000000000e+00	0.00000000000000e+00
14	23	17	20	2.63081800000000e+03	1.88756919540030e+01	3.00003801099126e-02	0.00000000000000e+00	0.00000000000000e+00
15	24	18	21	2.57039400000000e+03	1.88748175241158e+01	3.00003890454148e-02	0.00000000000000e+00	0.00000000000000e+00
16	25	19	22	2.39493200000000e+03	1.88750303169529e+01	3.00004175483897e-02	0.00000000000000e+00	0.00000000000000e+00
17	26	20	23	2.16548100000000e+03	1.88738210756182e+01	3.00004617911679e-02	0.00000000000000e+00	0.00000000000000e+00
18	27	21	24	1.96917000000000e+03	1.88754098593570e+01	3.00005078281713e-02	0.00000000000000e+00	0.00000000000000e+00
19	28	22	25	1.81667500000000e+03	1.88750696623727e+01	3.00005504561906e-02	0.00000000000000e+00	0.00000000000000e+00
20	29	23	26	1.90253500000000e+03	1.88759469155573e+01	3.00005256145091e-02	0.00000000000000e+00	0.00000000000000e+00
21	30	24	27	1.99137300000000e+03	1.88748937166908e+01	3.00005021660934e-02	0.00000000000000e+00	0.00000000000000e+00
22	31	25	28	1.98551600000000e+03	1.88748522935699e+01	3.00005036474146e-02	0.00000000000000e+00	0.00000000000000e+00
23	32	26	29	1.91618400000000e+03	1.88740939030458e+01	3.00005218705511e-02	0.00000000000000e+00	0.00000000000000e+00
24	33	27	30	1.68525500000000e+03	1.88752059679272e+01	3.00005933820104e-02	0.00000000000000e+00	0.00000000000000e+00
25	34	28	31	1.55688900000000e+03	1.88748007954859e+01	3.00006423065485e-02	0.00000000000000e+00	0.00000000000000e+00
26	35	29	32	1.40169000000000e+03	1.88749625279042e+01	3.00007134245090e-02	0.00000000000000e+00	0.00000000000000e+00
27	36	30	33	1.42156100000000e+03	1.88746249379687e+01	3.00007034520502e-02	0.00000000000000e+00	0.00000000000000e+00
28	37	31	34	1.30660100000000e+03	1.88746599243201e+01	3.00007653445849e-02	0.00000000000000e+00	0.00000000000000e+00
29	38	32	35	1.21520500000000e+03	1.88750166539201e+01	3.00008229064232e-02	0.00000000000000e+00	0.00000000000000e+00
30	39	33	36	1.04363700000000e+03	1.88751425405303e+01	3.00009581875690e-02	0.00000000000000e+00	0.00000000000000e+00
31	40	34	37	9.56673000000000e+02	1.88751519468490e+01	3.00010452892472e-02	0.00000000000000e+00	0.00000000000000e+00
32	41	35	38	8.18417000000000e+02	1.88743452004160e+01	3.00012218710022e-02	0.00000000000000e+00	0.00000000000000e+00
33	42	36	39	7.90564000000000e+02	1.88743222327620e+01	3.00012649197282e-02	0.00000000000000e+00	0.00000000000000e+00
34	43	37	40	8.17499000000000e+02	1.88744849333583e+01	3.00012232430865e-02	0.00000000000000e+00	0.00000000000000e+00
35	44	38	41	8.60733000000000e+02	1.88751640702778e+01	3.00011618004654e-02	0.00000000000000e+00	0.00000000000000e+00
36	45	39	42	9.12217000000000e+02	1.88756739446664e+01	3.00010962303925e-02	0.00000000000000e+00	0.00000000000000e+00
37	46	40	43	9.74485000000000e+02	1.88757512108150e+01	3.00010261830608e-02	0.00000000000000e+00	0.00000000000000e+00
38	47	41	44	1.13033000000000e+03	1.88744131300102e+01	3.00008846973893e-02	0.00000000000000e+00	0.00000000000000e+00
39	48	42	45	1.29156500000000e+03	1.88740820968632e+01	3.00007742544897e-02	0.00000000000000e+00	0.00000000000000e+00
1	13	5	9	1.04382600000000e+03	2.51684730508067e+01	3.00009580140751e-02	0.00000000000000e+00	0.00000000000000e+00
2	14	6	10	1.39939700000000e+03	2.51682397272050e+01	3.00007145934999e-02	0.00000000000000e+00	0.00000000000000e+00
3	15	7	11	1.66692700000000e+03	2.51683064396559e+01	3.00005999062946e-02	0.00000000000000e+00	0.00000000000000e+00
4	16	8	12	1.87707400000000e+03	2.51680312465989e+01	3.00005327440474e-02	0.00000000000000e+00	0.00000000000000e+00
5	17	9	13	1.92804800000000e+03	2.51682029965482e+01	3.00005186592865e-02	0.00000000000000e+00	0.00000000000000e+00
6	18	10	14	1.92533400000000e+03	2.51681845088928e+01	3.00005193904019e-02	0.00000000000000e+00	0.00000000000000e+00
7	19	11	15	1.84362300000000e+03	2.51681603869135e+01	3.00005424102433e-02	0.00000000000000e+00	0.00000000000000e+00
8	20	12	16	1.71315300000000e+03	2.51684429104742e+01	3.00005837190257e-02	0.00000000000000e+00	0.00000000000000e+00
9	21	13	17	1.80680400000000e+03	2.51681261713703e+01	3.00005534634637e-02	0.00000000000000e+00	0.00000000000000e+00
10	22	14	18	1.96311400000000e+03	2.51680789130959e+01	3.00005093947677e-02	0.00000000000000e+00	0.00000000000000e+00
11	23	15	19	2.25779900000000e+03	2.51683118933682e+01	3.00004429092227e-02	0.00000000000000e+00	0.00000000000000e+00
12	24	16	20	2.34919100000000e+03	2.51678718221172e+01	3.00004256784570e-02	0.00000000000000e+00	0.00000000000000e+00
13	25	17	21	2.21927100000000e+03	2.51684545210981e+01	3.00004505984172e-02	0.00000000000000e+00	0.00000000000000e+00
14	26	18	22	2.16740800000000e+03	2.51679583777128e+01	3.00004613805984e-02	0.00000000000000e+00	0.00000000000000e+00
15	27	19	23	1.85891900000000e+03	2.51679697213089e+01	3.00005379470542e-02	0.00000000000000e+00	0.00000000000000e+00
16	28	20	24	1.71357300000000e+03	2.51685245668777e+01	3.00005835759550e-02	0.00000000000000e+00	0.00000000000000e+00
17	29	21	25	1.62467800000000e+03	2.51682489314383e+01	3.00006155065804e-02	0.00000000000000e+00	0.00000000000000e+00
18	30	22	26	1.49473100000000e+03	2.51686515502270e+01	3.00006690166993e-02	0.00000000000000e+00	0.00000000000000e+00
19	31	23	27	1.66901300000000e+03	2.51685212759835e+01	3.00005991565075e-02	0.00000000000000e+00	0.00000000000000e+00
20	32	24	28	1.71594300000000e+03	2.51682296424860e+01	3.00005827699405e-02	0.00000000000000e+00	0.00000000000000e+00
21	33	25	29	1.61745400000000e+03	2.51682230187028e+01	3.00006182556042e-02	0.00000000000000e+00	0.00000000000000e+00
22	34	26	30	1.61916900000000e+03	2.51678804179468e+01	3.00006176007569e-02	0.00000000000000e+00	0.00000000000000e+00
23	35	27	31	1.39255500000000e+03	2.51681891823183e+01	3.00007181044914e-02	0.00000000000000e+00	0.00000000000000e+00
24	36	28	32	1.28268500000000e+03	2.51680859310896e+01	3.00007796146365e-02	0.00000000000000e+00	0.00000000000000e+00
25	37	29	33	1.18865800000000e+03	2.51681774264285e+01	3.00008412848776e-02	0.00000000000000e+00	0.00000000000000e+00
26	38	30	34	1.10330200000000e+03	2.51684390877791e+01	3.00009063701507e-02	0.00000000000000e+00	0.00000000000000e+00
27	39	31	35	1.08149600000000e+03	2.51681305673649e+01	3.00009246451212e-02	0.00000000000000e+00	0.00000000000000e+00
28	40	32	36	9.95110000000000e+02	2.51684376286321e+01	3.00010049140296e-02	0.00000000000000e+00	0.00000000000000e+00
29	41	33	37	8.54851000000000e+02	2.51680020875312e+01	3.00011697945022e-02	0.00000000000000e+00	0.00000000000000e+00
30	42	34	38	8.21611000000000e+02	2.51680148485346e+01	3.00012171209976e-02	0.00000000000000e+00	0.00000000000000e+00
31	43	35	39	7.64794000000000e+02	2.51680093412818e+01	3.00013075416387e-02	0.00000000000000e+00	0.00000000000000e+00
32	44	36	40	7.94943000000000e+02	2.51678325888105e+01	3.00012579518280e-02	0.00000000000000e+00	0.00000000000000e+00
33	45	37	41	8.26796000000000e+02	2.51681510662407e+01	3.00012094881930e-02	0.00000000000000e+00	0.00000000000000e+00
34	46	38	42	8.27656000000000e+02	2.51683645958054e+01	3.00012082314391e-02	0.00000000000000e+00	0.00000000000000e+00
35	47	39	43	9.66278000000000e+02	2.51681369715228e+01	3.00010348988593e-02	0.00000000000000e+00	0.00000000000000e+00
36	48	40	44	1.01395800000000e+03	2.51679007998609e+01	3.00009862341438e-02	0.00000000000000e+00	0.00000000000000e+00
1	16	6	11	1.24721800000000e+03	3.14448474891537e+01	3.00008017844515e-02	0.00000000000000e+00	0.00000000000000e+00
2	17	7	12	1.29725100000000e+03	3.14449023052018e+01	3.00007708608434e-02	0.00000000000000e+00	0.00000000000000e+00
3	18	8	13	1.39176500000000e+03	3.14449144770517e+01	3.00007185121051e-02	0.00000000000000e+00	0.00000000000000e+00
4	19	9	14	1.40214800000000e+03	3.14448304909592e+01	3.00007131914748e-02	0.00000000000000e+00	0.00000000000000e+00
5	20	10	15	1.39389600000000e+03	3.14447340490388e+01	3.00007174136377e-02	0.00000000000000e+00	0.00000000000000e+00
6	21	11	16	1.42559800000000e+03	3.14448729489195e+01	3.00007014600189e-02	0.00000000000000e+00	0.00000000000000e+00
7	22	12	17	1.40960400000000e+03	3.14447924716264e+01	3.00007094190993e-02	0.00000000000000e+00	0.00000000000000e+00
8	23	13	18	1.44190900000000e+03	3.14449346314487e+01	3.00006935250421e-02	0.00000000000000e+00	0.00000000000000e+00
9	24	14	19	1.57867900000000e+03	3.14446530416215e+01	3.00006334409972e-02	0.00000000000000e+00	0.00000000000000e+00
10	25	15	20	1.82178100000000e+03	3.14447243898966e+01	3.00005489133985e-02	0.00000000000000e+00	0.00000000000000e+00
11	26	16	21	1.90615100000000e+03	3.14444118465223e+01	3.00005246174096e-02	0.00000000000000e+00	0.00000000000000e+00
12	27	17	22	1.70551400000000e+03	3.14447740994787e+01	3.00005863335042e-02	0.00000000000000e+00	0.00000000000000e+00
13	28	18	23	1.51778100000000e+03	3.14446192899188e+01	3.00006588565808e-02	0.00000000000000e+00	0.00000000000000e+00
14	29	19	24	1.38968300000000e+03	3.14449393738244e+01	3.00007195885680e-02	0.00000000000000e+00	0.00000000000000e+00
15	30	20	25	1.28204600000000e+03	3.14447758077966e+01	3.00007800032136e-02	0.00000000000000e+00	0.00000000000000e+00
16	31	21	26	1.21572800000000e+03	3.14450170227964e+01	3.00008225524130e-02	0.00000000000000e+00	0.00000000000000e+00
17	32	22	27	1.23807800000000e+03	3.14448242780982e+01	3.00008077035534e-02	0.00000000000000e+00	0.00000000000000e+00
18	33	23	28	1.27636600000000e+03	3.14449142927001e+01	3.00007834743326e-02	0.00000000000000e+00	0.00000000000000e+00
19	34	24	29	1.32722600000000e+03	3.14447652722283e+01	3.00007534511831e-02	0.00000000000000e+00	0.00000000000000e+00
20	35	25	30	1.35776900000000e+03	3.14448961184746e+01	3.00007365023064e-02	0.00000000000000e+00	0.00000000000000e+00
21	36	26	31	1.39685000000000e+03	3.14446280134855e+01	3.00007158964814e-02	0.00000000000000e+00	0.00000000000000e+00
22	37	27	32	1.23727600000000e+03	3.14447089847721e+01	3.00008082271053e-02	0.00000000000000e+00	0.00000000000000e+00
23	38	28	33	1.09002900000000e+03	3.14446161178733e+01	3.00009174067846e-02	0.00000000000000e+00	0.00000000000000e+00
24	39	29	34	1.02595900000000e+03	3.14448703078658e+01	3.00009746978193e-02	0.00000000000000e+00	0.00000000000000e+00
25	40	30	35	9.21688000000000e+02	3.14447071065885e+01	3.00010849658453e-02	0.00000000000000e+00	0.00000000000000e+00
26	41	31	36	8.33502000000000e+02	3.14448488613419e+01	3.00011997571691e-02	0.00000000000000e+00	0.00000000000000e+00
27	42	32	37	8.30691000000000e+02	3.14447126747124e+01	3.00012038170631e-02	0.00000000000000e+00	0.00000000000000e+00
28	43	33	38	7.36351000000000e+02	3.14444944031706e+01	3.00013580479961e-02	0.00000000000000e+00	0.00000000000000e+00
29	44	34	39	6.96309000000000e+02	3.14446469018738e+01	3.00014361440108e-02	0.00000000000000e+00	0.00000000000000e+00
30	45	35	40	7.31864000000000e+02	3.14447430233560e+01	3.00013663740804e-02	0.00000000000000e+00	0.00000000000000e+00
31	46	36	41	7.58328000000000e+02	3.14447537167318e+01	3.00013186905930e-02	0.00000000000000e+00	0.00000000000000e+00
32	47	37	42	7.54822000000000e+02	3.14444570805425e+01	3.00013248156519e-02	0.00000000000000e+00	0.00000000000000e+00
33	48	38	43	8.32139000000000e+02	3.14444372323510e+01	3.00012017223084e-02	0.00000000000000e+00	0.00000000000000e+00
1	19	7	13	9.42144000000000e+02	3.77172537969738e+01	3.00010614088717e-02	0.00000000000000e+00	0.00000000000000e+00
2	20	8	14	9.99630000000000e+02	3.77171561377050e+01	3.00010003701369e-02	0.00000000000000e+00	0.00000000000000e+00
3	21	9	15	1.06328700000000e+03	3.77170127744733e+01	3.00009404798516e-02	0.00000000000000e+00	0.00000000000000e+00
4	22	10	16	1.08295200000000e+03	3.77171066040506e+01	3.00009234019606e-02	0.00000000000000e+00	0.00000000000000e+00
5	23	11	17	1.19604700000000e+03	3.77171367988511e+01	3.00008360875451e-02	0.00000000000000e+00	0.00000000000000e+00
6	24	12	18	1.21392000000000e+03	3.77169668715947e+01	3.00008237775142e-02	0.00000000000000e+00	0.00000000000000e+00
7	25	13	19	1.28185800000000e+03	3.77169116078938e+01	3.00007801176105e-02	0.00000000000000e+00	0.00000000000000e+00
8	26	14	20	1.30525300000000e+03	3.77166876019974e+01	3.00007661349945e-02	0.00000000000000e+00	0.00000000000000e+00
9	27	15	21	1.26782900000000e+03	3.77169928697838e+01	3.00007887499024e-02	0.00000000000000e+00	0.00000000000000e+00
10	28	16	22	1.27414700000000e+03	3.77168057546133e+01	3.00007848387980e-02	0.00000000000000e+00	0.00000000000000e+00
11	29	17	23	1.15569900000000e+03	3.77167146341346e+01	3.00008652772045e-02	0.00000000000000e+00	0.00000000000000e+00
12	30	18	24	1.11230700000000e+03	3.77169213341097e+01	3.00008990323715e-02	0.00000000000000e+00	0.00000000000000e+00
13	31	19	25	9.95953000000000e+02	3.77169705866629e+01	3.00010040634448e-02	0.00000000000000e+00	0.00000000000000e+00
14	32	20	26	9.17816000000000e+02	3.77171797446178e+01	3.00010895430021e-02	0.00000000000000e+00	0.00000000000000e+00
15	33	21	27	8.96887000000000e+02	3.77168431188578e+01	3.00011149676604e-02	0.00000000000000e+00	0.00000000000000e+00
16	34	22	28	9.14598000000000e+02	3.77170207029496e+01	3.00010933765436e-02	0.00000000000000e+00	0.00000000000000e+00
17	35	23	29	1.01442800000000e+03	3.77171562826231e+01	3.00009857772065e-02	0.00000000000000e+00	0.00000000000000e+00
18	36	24	30	1.05736800000000e+03	3.77170356056505e+01	3.00009457445279e-02	0.00000000000000e+00	0.00000000000000e+00
19	37	25	31	1.12932600000000e+03	3.77170901625347e+01	3.00008854839081e-02	0.00000000000000e+00	0.00000000000000e+00
20	38	26	32	1.19198800000000e+03	3.77167744304509e+01	3.00008389346201e-02	0.00000000000000e+00	0.00000000000000e+00
21	39	27	33	1.10377800000000e+03	3.77170488973589e+01	3.00009059792821e-02	0.00000000000000e+00	0.00000000000000e+00
22	40	28	34	9.60437000000000e+02	3.77168697719964e+01	3.00010411927071e-02	0.00000000000000e+00	0.00000000000000e+00
23	41	29	35	8.40884000000000e+02	3.77166129233386e+01	3.00011892246731e-02	0.00000000000000e+00	0.00000000000000e+00
24	42	30	36	8.02397000000000e+02	3.77168679433874e+01	3.00012462658759e-02	0.00000000000000e+00	0.00000000000000e+00
25	43	31	37	7.24530000000000e+02	3.77168338972009e+01	3.00013802050985e-02	0.00000000000000e+00	0.00000000000000e+00
26	44	32	38	6.60906000000000e+02	3.77170313416920e+01	3.00015130744766e-02	0.00000000000000e+00	0.00000000000000e+00
27	45	33	39	6.23607000000000e+02	3.77167226406714e+01	3.00016035740458e-02	0.00000000000000e+00	0.00000000000000e+00
28	46	34	40	6.49716000000000e+02	3.77168079107975e+01	3.00015391340216e-02	0.00000000000000e+00	0.00000000000000e+00
29	47	35	41	6.50192000000000e+02	3.77168152648690e+01	3.00015380072348e-02	0.00000000000000e+00	0.00000000000000e+00
30	48	36	42	6.37710000000000e+02	3.77167139238945e+01	3.00015681108968e-02	0.00000000000000e+00	0.00000000000000e+00
1	22	8	15	7.77826000000000e+02	4.39916066987676e+01	3.00012856345764e-02	0.00000000000000e+00	0.00000000000000e+00
2	23	9	16	9.01898000000000e+02	4.39916262197767e+01	3.00011087728324e-02	0.00000000000000e+00	0.00000000000000e+00
3	24	10	17	9.68739000000000e+02	4.39914955564855e+01	3.00010322697858e-02	0.00000000000000e+00	0.00000000000000e+00
4	25	11	18	9.92001000000000e+02	4.39915387309765e+01	3.00010080634999e-02	0.00000000000000e+00	0.00000000000000e+00
5	26	12	19	1.03909400000000e+03	4.39913563592539e+01	3.00009623768398e-02	0.00000000000000e+00	0.00000000000000e+00
6	27	13	20	9.96818000000000e+02	4.39913519914560e+01	3.00010031921574e-02	0.00000000000000e+00	0.00000000000000e+00
7	28	14	21	9.23489000000000e+02	4.39912774801590e+01	3.00010828499311e-02	0.00000000000000e+00	0.00000000000000e+00
8	29	15	22	8.34548000000000e+02	4.39913062242145e+01	3.00011982534258e-02	0.00000000000000e+00	0.00000000000000e+00
9	30	16	23	7.72013000000000e+02	4.39911553476517e+01	3.00012953149753e-02	0.00000000000000e+00	0.00000000000000e+00
10	31	17	24	7.79142000000000e+02	4.39913596700354e+01	3.00012834630915e-02	0.00000000000000e+00	0.00000000000000e+00
11	32	18	25	7.60272000000000e+02	4.39913516152177e+01	3.00013153187280e-02	0.00000000000000e+00	0.00000000000000e+00
12	33	19	26	6.87021000000000e+02	4.39914345931921e+01	3.00014555595826e-02	0.00000000000000e+00	0.00000000000000e+00
13	34	20	27	6.82745000000000e+02	4.39914815724949e+01	3.00014646756842e-02	0.00000000000000e+00	0.00000000000000e+00
14	35	21	28	6.79823000000000e+02	4.39916008782939e+01	3.00014709711204e-02	0.00000000000000e+00	0.00000000000000e+00
15	36	22	29	7.00478000000000e+02	4.39915445639629e+01	3.00014275965840e-02	0.00000000000000e+00	0.00000000000000e+00
16	37	23	30	7.96692000000000e+02	4.39917095324599e+01	3.00012551902115e-02	0.00000000000000e+00	0.00000000000000e+00
17	38	24	31	8.89981000000000e+02	4.39915666811469e+01	3.00011236194930e-02	0.00000000000000e+00	0.00000000000000e+00
18	39	25	32	9.31806000000000e+02	4.39915170435093e+01	3.00010731847616e-02	0.00000000000000e+00	0.00000000000000e+00
19	40	26	33	9.86914000000000e+02	4.39913652894228e+01	3.00010132595140e-02	0.00000000000000e+00	0.00000000000000e+00
20	41	27	34	9.20270000000000e+02	4.39913562020749e+01	3.00010866376172e-02	0.00000000000000e+00	0.00000000000000e+00
21	42	28	35	8.49039000000000e+02	4.39912547958664e+01	3.00011778021975e-02	0.00000000000000e+00	0.00000000000000e+00
22	43	29	36	7.64923000000000e+02	4.39912532419401e+01	3.00013073211291e-02	0.00000000000000e+00	0.00000000000000e+00
23	44	30	37	6.74203000000000e+02	4.39912117874606e+01	3.00014832327949e-02	0.00000000000000e+00	0.00000000000000e+00
24	45	31	38	6.23204000000000e+02	4.39912855483636e+01	3.00016046110102e-02	0.00000000000000e+00	0.00000000000000e+00
25	46	32	39	5.68122000000000e+02	4.39912690242745e+01	3.00017601853123e-02	0.00000000000000e+00	0.00000000000000e+00
26	47	33	40	5.53109000000000e+02	4.39911761426981e+01	3.00018079619026e-02	0.00000000000000e+00	0.00000000000000e+00
27	48	34	41	5.51781000000000e+02	4.39911256304930e+01	3.00018123132185e-02	0.00000000000000e+00	0.00000000000000e+00
1	25	9	17	7.85569000000000e+02	5.02692058004152e+01	3.00012729626551e-02	0.00000000000000e+00	0.00000000000000e+00
2	26	10	18	8.14731000000000e+02	5.02691182236671e+01	3.00012273989820e-02	0.00000000000000e+00	0.00000000000000e+00
3	27	11	19	7.79647000000000e+02	5.02692197619170e+01	3.00012826317551e-02	0.00000000000000e+00	0.00000000000000e+00
4	28	12	20	7.28357000000000e+02	5.02690762693360e+01	3.00013729530985e-02	0.00000000000000e+00	0.00000000000000e+00
5	29	13	21	6.76974000000000e+02	5.02689750140267e+01	3.00014771616044e-02	0.00000000000000e+00	0.00000000000000e+00
6	30	14	22	6.30695000000000e+02	5.02688739621824e+01	3.00015855524461e-02	0.00000000000000e+00	0.00000000000000e+00
7	31	15	23	5.71843000000000e+02	5.02688637625350e+01	3.00017487317323e-02	0.00000000000000e+00	0.00000000000000e+00
8	32	16	24	5.13585000000000e+02	5.02690133081961e+01	3.00019470973646e-02	0.00000000000000e+00	0.00000000000000e+00
9	33	17	25	4.74956000000000e+02	5.02690296027048e+01	3.00021054581898e-02	0.00000000000000e+00	0.00000000000000e+00
10	34	18	26	5.14566000000000e+02	5.02691678753965e+01	3.00019433852995e-02	0.00000000000000e+00	0.00000000000000e+00
11	35	19	27	5.19131000000000e+02	5.02691908090137e+01	3.00019262960601e-02	0.00000000000000e+00	0.00000000000000e+00
12	36	20	28	5.32527000000000e+02	5.02693126868512e+01	3.00018778390579e-02	0.00000000000000e+00	0.00000000000000e+00
13	37	21	29	5.30606000000000e+02	5.02694077273271e+01	3.00018846375653e-02	0.00000000000000e+00	0.00000000000000e+00
14	38	22	30	5.69793000000000e+02	5.02694461422943e+01	3.00017550233155e-02	0.00000000000000e+00	0.00000000000000e+00
15	39	23	31	6.57051000000000e+02	5.02694350014414e+01	3.00015219518728e-02	0.00000000000000e+00	0.00000000000000e+00
16	40	24	32	7.04077000000000e+02	5.02692579686820e+01	3.00014202992002e-02	0.00000000000000e+00	0.00000000000000e+00
17	41	25	33	7.71370000000000e+02	5.02691706476475e+01	3.00012963947263e-02	0.00000000000000e+00	0.00000000000000e+00
18	42	26	34	8.11752000000000e+02	5.02690343010725e+01	3.00012319033399e-02	0.00000000000000e+00	0.00000000000000e+00
19	43	27	35	7.75953000000000e+02	5.02690937875804e+01	3.00012887378488e-02	0.00000000000000e+00	0.00000000000000e+00
20	44	28	36	7.21954000000000e+02	5.02690885964879e+01	3.00013851298005e-02	0.00000000000000e+00	0.00000000000000e+00
21	45	29	37	6.66671000000000e+02	5.02690142838249e+01	3.00014999902501e-02	0.00000000000000e+00	0.00000000000000e+00
22	46	30	38	5.99924000000000e+02	5.02689075819548e+01	3.00016668778045e-02	0.00000000000000e+00	0.00000000000000e+00
23	47	31	39	5.28462000000000e+02	5.02687143097102e+01	3.00018922836457e-02	0.00000000000000e+00	0.00000000000000e+00
24	48	32	40	4.94944000000000e+02	5.02688176573858e+01	3.00020204305942e-02	0.00000000000000e+00	0.00000000000000e+00
1	28	10	19	5.85046000000000e+02	5.65490637063508e+01	3.00017092673055e-02	0.00000000000000e+00	0.00000000000000e+00
2	29	11	20	5.48918000000000e+02	5.65489802105190e+01	3.00018217657282e-02	0.00000000000000e+00	0.00000000000000e+00
3	30	12	21	4.90599000000000e+02	5.65489275169666e+01	3.00020383245787e-02	0.00000000000000e+00	0.00000000000000e+00
4	31	13	22	4.51729000000000e+02	5.65488308816002e+01	3.00022137166310e-02	0.00000000000000e+00	0.00000000000000e+00
5	32	14	23	4.03393000000000e+02	5.65487632168985e+01	3.00024789721190e-02	0.00000000000000e+00	0.00000000000000e+00
6	33	15	24	3.88981000000000e+02	5.65488820432811e+01	3.00025708196544e-02	0.00000000000000e+00	0.00000000000000e+00
7	34	16	25	3.75749000000000e+02	5.65489427188748e+01	3.00026613510615e-02	0.00000000000000e+00	0.00000000000000e+00
8	35	17	26	3.39881000000000e+02	5.65491754520264e+01	3.00029422062428e-02	0.00000000000000e+00	0.00000000000000e+00
9	36	18	27	3.63659000000000e+02	5.65491843370449e+01	3.00027498288232e-02	0.00000000000000e+00	0.00000000000000e+00
10	37	19	28	4.00214000000000e+02	5.65493031957263e+01	3.00024986632152e-02	0.00000000000000e+00	0.00000000000000e+00
11	38	20	29	4.18457000000000e+02	5.65493766830936e+01	3.00023897318004e-02	0.00000000000000e+00	0.00000000000000e+00
12	39	21	30	4.45933000000000e+02	5.65494151006076e+01	3.00022424893426e-02	0.00000000000000e+00	0.00000000000000e+00
13	40	22	31	4.70163000000000e+02	5.65494188855317e+01	3.00021269219398e-02	0.00000000000000e+00	0.00000000000000e+00
14	41	23	32	5.27805000000000e+02	5.65493341476912e+01	3.00018946391186e-02	0.00000000000000e+00	0.00000000000000e+00
15	42	24	33	5.85982000000000e+02	5.65491801437140e+01	3.00017065370609e-02	0.00000000000000e+00	0.00000000000000e+00
16	43	25	34	6.21744000000000e+02	5.65491619175005e+01	3.00016083790113e-02	0.00000000000000e+00	0.00000000000000e+00
17	44	26	35	6.66374000000000e+02	5.65490483492452e+01	3.00015006587892e-02	0.00000000000000e+00	0.00000000000000e+00
18	45	27	36	6.39505000000000e+02	5.65491332047459e+01	3.00015637094315e-02	0.00000000000000e+00	0.00000000000000e+00
19	46	28	37	6.00346000000000e+02	5.65490318468087e+01	3.00016657061095e-02	0.00000000000000e+00	0.00000000000000e+00
20	47	29	38	5.50303000000000e+02	5.65488543692272e+01	3.00018171807168e-02	0.00000000000000e+00	0.00000000000000e+00
21	48	30	39	4.99791000000000e+02	5.65487749338722e+01	3.00020008363496e-02	0.00000000000000e+00	0.00000000000000e+00
1	31	11	21	3.83361000000000e+02	6.28300064632068e+01	3.00026085073860e-02	0.00000000000000e+00	0.00000000000000e+00
2	32	12	22	3.29309000000000e+02	6.28299603342634e+01	3.00030366616157e-02	0.00000000000000e+00	0.00000000000000e+00
3	33	13	23	2.93065000000000e+02	6.28298518260064e+01	3.00034122123078e-02	0.00000000000000e+00	0.00000000000000e+00
4	34	14	24	2.92468000000000e+02	6.28299550343657e+01	3.00034191774827e-02	0.00000000000000e+00	0.00000000000000e+00
5	35	15	25	2.85695000000000e+02	6.28300837844077e+01	3.00035002362659e-02	0.00000000000000e+00	0.00000000000000e+00
6	36	16	26	2.91796000000000e+02	6.28301967513623e+01	3.00034270517759e-02	0.00000000000000e+00	0.00000000000000e+00
7	37	17	27	2.93785000000000e+02	6.28303027204273e+01	3.00034038497541e-02	0.00000000000000e+00	0.00000000000000e+00
8	38	18	28	2.94796000000000e+02	6.28304376572233e+01	3.00033921762846e-02	0.00000000000000e+00	0.00000000000000e+00
9	39	19	29	3.12076000000000e+02	6.28305052136052e+01	3.00032043476589e-02	0.00000000000000e+00	0.00000000000000e+00
10	40	20	30	3.46503000000000e+02	6.28305262188617e+01	3.00028859778992e-02	0.00000000000000e+00	0.00000000000000e+00
11	41	21	31	3.57673000000000e+02	6.28304755793650e+01	3.00027958498405e-02	0.00000000000000e+00	0.00000000000000e+00
12	42	22	32	4.12268000000000e+02	6.28304270840407e+01	3.00024256066442e-02	0.00000000000000e+00	0.00000000000000e+00
13	43	23	33	4.46202000000000e+02	6.28304696316404e+01	3.00022411374221e-02	0.00000000000000e+00	0.00000000000000e+00
14	44	24	34	4.72147000000000e+02	6.28303822833213e+01	3.00021179844413e-02	0.00000000000000e+00	0.00000000000000e+00
15	45	25	35	5.04993000000000e+02	6.28302760663202e+01	3.00019802254685e-02	0.00000000000000e+00	0.00000000000000e+00
16	46	26	36	5.29877000000000e+02	6.28302156704835e+01	3.00018872304327e-02	0.00000000000000e+00	0.00000000000000e+00
17	47	27	37	5.11070000000000e+02	6.28301614507143e+01	3.00019566791242e-02	0.00000000000000e+00	0.00000000000000e+00
18	48	28	38	4.69434000000000e+02	6.28300718898196e+01	3.00021302249091e-02	0.00000000000000e+00	0.00000000000000e+00
1	34	12	23	2.29767000000000e+02	6.91114262696652e+01	3.00043522350903e-02	0.00000000000000e+00	0.00000000000000e+00
2	35	13	24	2.27408000000000e+02	6.91115127367389e+01	3.00043973826778e-02	0.00000000000000e+00	0.00000000000000e+00
3	36	14	25	2.13536000000000e+02	6.91115587322595e+01	3.00046830511015e-02	0.00000000000000e+00	0.00000000000000e+00
4	37	15	26	2.37683000000000e+02	6.91117268346519e+01	3.00042072844924e-02	0.00000000000000e+00	0.00000000000000e+00
5	38	16	27	2.46439000000000e+02	6.91117760163254e+01	3.00040577992931e-02	0.00000000000000e+00	0.00000000000000e+00
6	39	17	28	2.54886000000000e+02	6.91119128759706e+01	3.00039233225834e-02	0.00000000000000e+00	0.00000000000000e+00
7	40	18	29	2.58845000000000e+02	6.91119732079626e+01	3.00038633158840e-02	0.00000000000000e+00	0.00000000000000e+00
8	41	19	30	2.58052000000000e+02	6.91120007445543e+01	3.00038751879466e-02	0.00000000000000e+00	0.00000000000000e+00
9	42	20	31	2.91106000000000e+02	6.91120288380874e+01	3.00034351748160e-02	0.00000000000000e+00	0.00000000000000e+00
10	43	21	32	2.94991000000000e+02	6.91119863754160e+01	3.00033899339302e-02	0.00000000000000e+00	0.00000000000000e+00
11	44	22	33	3.36025000000000e+02	6.91119930576891e+01	3.00029759690499e-02	0.00000000000000e+00	0.00000000000000e+00
12	45	23	34	3.81280000000000e+02	6.91119713058927e+01	3.00026227444398e-02	0.00000000000000e+00	0.00000000000000e+00
13	46	24	35	3.88004000000000e+02	6.91118800980199e+01	3.00025772930176e-02	0.00000000000000e+00	0.00000000000000e+00
14	47	25	36	4.04017000000000e+02	6.91118284751627e+01	3.00024751433727e-02	0.00000000000000e+00	0.00000000000000e+00
15	48	26	37	3.98531000000000e+02	6.91117092441376e+01	3.00025092150924e-02	0.00000000000000e+00	0.00000000000000e+00
1	37	13	25	1.90862000000000e+02	7.53930812800321e+01	3.00052393876204e-02	0.00000000000000e+00	0.00000000000000e+00
2	38	14	26	1.88675000000000e+02	7.53931867320256e+01	3.00053001192527e-02	0.00000000000000e+00	0.00000000000000e+00
3	39	15	27	2.00513000000000e+02	7.53932676502568e+01	3.00049872078120e-02	0.00000000000000e+00	0.00000000000000e+00
4	40	16	28	2.20303000000000e+02	7.53933317713160e+01	3.00045392028252e-02	0.00000000000000e+00	0.00000000000000e+00
5	41	17	29	2.23412000000000e+02	7.53933913343312e+01	3.00044760353070e-02	0.00000000000000e+00	0.00000000000000e+00
6	42	18	30	2.41234000000000e+02	7.53934380234109e+01	3.00041453526451e-02	0.00000000000000e+00	0.00000000000000e+00
7	43	19	31	2.41308000000000e+02	7.53934925156603e+01	3.00041440814229e-02	0.00000000000000e+00	0.00000000000000e+00
8	44	20	32	2.48800000000000e+02	7.53935316626004e+01	3.00040192926045e-02	0.00000000000000e+00	0.00000000000000e+00
9	45	21	33	2.67378000000000e+02	7.53935188687633e+01	3.00037400234873e-02	0.00000000000000e+00	0.00000000000000e+00
10	46	22	34	2.78066000000000e+02	7.53934688071835e+01	3.00035962685118e-02	0.00000000000000e+00	0.00000000000000e+00
11	47	23	35	3.04171000000000e+02	7.53934088560945e+01	3.00032876243955e-02	0.00000000000000e+00	0.00000000000000e+00
12	48	24	36	3.19814000000000e+02	7.53933798750361e+01	3.00031268174626e-02	0.00000000000000e+00	0.00000000000000e+00
1	40	14	27	1.78964000000000e+02	8.16744330071099e+01	3.00055877159652e-02	0.00000000000000e+00	0.00000000000000e+00
2	41	15	28	1.87564000000000e+02	8.16745089311473e+01	3.00053315135101e-02	0.00000000000000e+00	0.00000000000000e+00
3	42	16	29	1.91968000000000e+02	8.16745543014640e+01	3.00052092015336e-02	0.00000000000000e+00	0.00000000000000e+00
4	43	17	30	2.08668000000000e+02	8.16746190478651e+01	3.00047923016466e-02	0.00000000000000e+00	0.00000000000000e+00
5	44	18	31	2.13362000000000e+02	8.16746838125533e+01	3.00046868702018e-02	0.00000000000000e+00	0.00000000000000e+00
6	45	19	32	2.21055000000000e+02	8.16746933442141e+01	3.00045237610549e-02	0.00000000000000e+00	0.00000000000000e+00
7	46	20	33	2.08982000000000e+02	8.16747325621224e+01	3.00047851011092e-02	0.00000000000000e+00	0.00000000000000e+00
8	47	21	34	2.02630000000000e+02	8.16746978958255e+01	3.00049351033904e-02	0.00000000000000e+00	0.00000000000000e+00
9	48	22	35	2.21585000000000e+02	8.16746872329773e+01	3.00045129408579e-02	0.00000000000000e+00	0.00000000000000e+00
1	43	15	29	1.80030000000000e+02	8.79553228250889e+01	3.00055546297839e-02	0.00000000000000e+00	0.00000000000000e+00
2	44	16	30	1.86103000000000e+02	8.79553687955024e+01	3.00053733685110e-02	0.00000000000000e+00	0.00000000000000e+00
3	45	17	31	1.91898000000000e+02	8.79554240342745e+01	3.00052111017311e-02	0.00000000000000e+00	0.00000000000000e+00
4	46	18	32	1.94555000000000e+02	8.79554394639726e+01	3.00051399347228e-02	0.00000000000000e+00	0.00000000000000e+00
5	47	19	33	1.76924000000000e+02	8.79554622847743e+01	3.00056521444236e-02	0.00000000000000e+00	0.00000000000000e+00
6	48	20	34	1.74519000000000e+02	8.79555035583471e+01	3.00057300351251e-02	0.00000000000000e+00	0.00000000000000e+00
1	46	16	31	1.65119000000000e+02	9.42356050513922e+01	3.00060562382282e-02	0.00000000000000e+00	0.00000000000000e+00
2	47	17	32	1.61775000000000e+02	9.42356302430234e+01	3.00061814248184e-02	0.00000000000000e+00	0.00000000000000e+00
3	48	18	33	1.51703000000000e+02	9.42357047489023e+01	3.00065918274523e-02	0.00000000000000e+00	0.00000000000000e+00
1	2	4	3	7.28154000000000e+02	1.88400139890778e+01	3.00013733358603e-02	0.00000000000000e+00	0.00000000000000e+00
2	3	5	4	8.43056000000000e+02	1.88747206076225e+01	3.00011861608244e-02	0.00000000000000e+00	0.00000000000000e+00
3	4	6	5	7.99862000000000e+02	1.88716295775150e+01	3.00012502156622e-02	0.00000000000000e+00	0.00000000000000e+00
4	5	7	6	1.22031900000000e+03	1.88664238911614e+01	3.00008194578631e-02	0.00000000000000e+00	0.00000000000000e+00
5	6	8	7	1.11770500000000e+03	1.88578437976450e+01	3.00008946904595e-02	0.00000000000000e+00	0.00000000000000e+00
6	7	9	8	1.25229800000000e+03	1.88257149754816e+01	3.00007985319788e-02	0.00000000000000e+00	0.00000000000000e+00
7	8	10	9	1.61124300000000e+03	1.88618880148419e+01	3.00006206388484e-02	0.00000000000000e+00	0.00000000000000e+00
8	9	11	10	2.60913300000000e+03	1.88731684639622e+01	3.00003832690783e-02	0.00000000000000e+00	0.00000000000000e+00
9	10	12	11	4.73442400000000e+03	1.88753142522441e+01	3.00002112189360e-02	0.00000000000000e+00	0.00000000000000e+00
10	11	13	12	3.24012500000000e+03	1.88631072180257e+01	3.00003086300683e-02	0.00000000000000e+00	0.00000000000000e+00
11	12	14	13	3.64326300000000e+03	1.88225093371628e+01	3.00002744792237e-02	0.00000000000000e+00	0.00000000000000e+00
12	13	15	14	3.24674200000000e+03	1.88612595929984e+01	3.00003080010669e-02	0.00000000000000e+00	0.00000000000000e+00
13	14	16	15	3.58419200000000e+03	1.88913353209940e+01	3.00002790029106e-02	0.00000000000000e+00	0.00000000000000e+00
14	15	17	16	4.68289200000000e+03	1.88279223680232e+01	3.00002135432549e-02	0.00000000000000e+00	0.00000000000000e+00
15	16	18	17	3.80816100000000e+03	1.89153288201192e+01	3.00002625939397e-02	0.00000000000000e+00	0.00000000000000e+00
16	17	19	18	3.67129200000000e+03	1.88380413201110e+01	3.00002723836731e-02	0.00000000000000e+00	0.00000000000000e+00
17	18	20	19	3.17325600000000e+03	1.88617256283397e+01	3.00003151337301e-02	0.00000000000000e+00	0.00000000000000e+00
18	19	21	20	2.98321600000000e+03	1.88493335841466e+01	3.00003352087144e-02	0.00000000000000e+00	0.00000000000000e+00
19	20	22	21	2.70405900000000e+03	1.88387433427315e+01	3.00003698144160e-02	0.00000000000000e+00	0.00000000000000e+00
20	21	23	22	1.35701900000000e+03	1.88706610626104e+01	3.00007369093579e-02	0.00000000000000e+00	0.00000000000000e+00
21	22	24	23	1.38336700000000e+03	1.89015554202234e+01	3.00007228739734e-02	0.00000000000000e+00	0.00000000000000e+00
22	23	25	24	1.20819500000000e+03	1.87992760891068e+01	3.00008276809621e-02	0.00000000000000e+00	0.00000000000000e+00
23	24	26	25	1.33759000000000e+03	1.88965107365891e+01	3.00007476132447e-02	0.00000000000000e+00	0.00000000000000e+00
24	25	27	26	2.01874600000000e+03	1.88001443766245e+01	3.00004953570187e-02	0.00000000000000e+00	0.00000000000000e+00
25	26	28	27	1.95264100000000e+03	1.89355617078726e+01	3.00005121269091e-02	0.00000000000000e+00	0.00000000000000e+00
26	27	29	28	2.71496000000000e+03	1.88540238043817e+01	3.00003683295518e-02	0.00000000000000e+00	0.00000000000000e+00
27	28	30	29	2.98145800000000e+03	1.88449941927947e+01	3.00003354063683e-02	0.00000000000000e+00	0.00000000000000e+00
28	29	31	30	2.43923200000000e+03	1.88591473659159e+01	3.00004099651038e-02	0.00000000000000e+00	0.00000000000000e+00
29	30	32	31	2.28998600000000e+03	1.88683593025227e+01	3.00004366838924e-02	0.00000000000000e+00	0.00000000000000e+00
30	31	33	32	2.61565400000000e+03	1.88844628523778e+01	3.00003823135629e-02	0.00000000000000e+00	0.00000000000000e+00
31	32	34	33	1.57263200000000e+03	1.88175435379751e+01	3.00006358766704e-02	0.00000000000000e+00	0.00000000000000e+00
32	33	35	34	1.43758300000000e+03	1.88722559974571e+01	3.00006956120099e-02	0.00000000000000e+00	0.00000000000000e+00
33	34	36	35	1.10472500000000e+03	1.88703762599363e+01	3.00009052026522e-02	0.00000000000000e+00	0.00000000000000e+00
34	35	37	36	9.11822000000000e+02	1.88395971311419e+01	3.00010967052780e-02	0.00000000000000e+00	0.00000000000000e+00
35	36	38	37	6.82141000000000e+02	1.88795035635234e+01	3.00014659725775e-02	0.00000000000000e+00	0.00000000000000e+00
36	37	39	38	7.69266000000000e+02	1.88807996677796e+01	3.00012999404627e-02	0.00000000000000e+00	0.00000000000000e+00
37	38	40	39	9.15456000000000e+02	1.88728271533539e+01	3.00010923517897e-02	0.00000000000000e+00	0.00000000000000e+00
38	39	41	40	5.63975000000000e+02	1.88653462231514e+01	3.00017731282415e-02	0.00000000000000e+00	0.00000000000000e+00
39	40	42	41	7.48923000000000e+02	1.88219966884258e+01	3.00013352507534e-02	0.00000000000000e+00	0.00000000000000e+00
40	41	43	42	9.68823000000000e+02	1.88701220017066e+01	3.00010321802847e-02	0.00000000000000e+00	0.00000000000000e+00
0
