35.216220	-0.516351	838.816982
23.635782	-3.159273	3680.646809
3.906356	-4.625194	406.037889
15.751855	-7.100720	46.837516
0.820499	-4.316766	28.044718
9.545038	-1.329375	3665.180278
9.068539	-2.507094	2326.764302
40.988189	-1.983579	665.963248
29.903079	-2.208237	2472.086049
4.705627	-4.860507	486.328097
4.948120	-7.048297	57.578266
4.335467	-4.519673	603.478564
2.068274	-5.657132	24.938026
6.651881	-5.362644	308.600702
6.284333	-7.398759	27.223486
2.162253	-2.271516	2014.428390
4.514702	-6.118589	107.973061
5.682362	-6.940771	54.295309
5.458316	-5.448105	258.245402
8.471716	-7.132625	1.784168
5.647577	-6.123224	119.416750
6.397701	-6.875958	40.480016
4.299297	-6.544255	67.926004
5.456679	-4.688062	775.810616
5.073977	-5.557625	199.704649
5.720230	-5.750612	180.396990
3.576298	-5.879917	84.061697
5.799991	-7.434898	40.551599
4.966308	-6.047125	128.403099
4.551046	-7.785950	49.413989
4.698518	-5.294144	242.536558
4.998979	-4.114878	1148.054518
5.277993	-6.310217	100.489547
6.224506	-4.721828	848.565706
3.743726	-5.096644	195.557745
5.279444	-6.768219	67.575203
6.008436	-6.669519	59.015823
6.253093	-5.384605	313.659045
6.354715	-4.058197	1659.203037
4.516106	-6.968292	56.971187
5.453961	-7.748451	45.344977
10.040178	-7.154674	2.563330
6.071392	-4.399061	1226.384851
2.337333	-4.712145	106.100970
4.315307	-5.631660	150.256426
6.885763	-5.748169	160.102853
5.005008	-7.534401	50.555551
4.239660	-7.454396	47.956566
6.224082	-3.748792	2213.750933
5.081703	-4.592462	765.852114
4.388238	-3.599899	1648.951033
4.559807	-4.039519	1091.834189
5.625243	-5.062401	473.541054
5.627572	-4.020225	1645.655276
5.326744	-3.497340	2050.630280
3.307252	-5.180077	137.989285
6.051487	-5.048190	510.689424
5.729810	-4.351083	1193.147435
6.088763	-5.701324	189.636938
6.819109	-4.980423	557.393194
7.489480	-5.272326	282.897916
5.271717	-3.879620	1621.217898
6.593339	-4.676022	911.431783
5.338124	-2.735933	1853.807979
5.838521	-3.758797	2080.545657
5.689429	-3.448021	2251.150469
6.247108	-6.045261	118.658421
6.645319	-6.114068	93.032373
6.642224	-3.067707	2681.130580
5.116963	-3.173008	2050.358372
3.708551	-1.148911	947.020085
4.681701	-3.165891	1928.908789
5.975102	-6.309974	94.194565
6.762579	-6.585220	41.832085
7.916226	-5.222156	270.162404
7.395674	-4.515910	1061.414972
3.946670	-3.512237	1692.564212
3.032531	-4.884678	162.723413
7.556589	-2.782260	2373.037938
7.369629	-1.364196	2390.437901
6.299209	-3.346071	2598.061655
5.904602	-3.158832	2393.923793
6.044679	-2.336348	1913.996930
5.763078	-2.771076	2073.859820
6.529218	-2.445740	2192.785977
4.989592	-1.635092	1379.794318
0.509160	-5.863273	3.842035
2.257563	-3.644874	435.067706
7.552300	-6.422762	25.016763
7.971347	-2.966069	2356.062769
3.608476	-3.798883	1109.702413
2.819999	-4.138401	378.197006
7.705230	-1.853626	2132.948702
0.449604	-0.727268	777.632895
0.510741	-2.207932	86.842422
1.736428	-3.476994	247.403181
3.126653	-4.430448	325.599751
1.936663	-4.817269	58.915860
0.473044	-4.136204	24.666131
3.783143	-3.015328	2088.016346
1.834205	-4.098658	131.343727
2.838093	-5.800184	47.952422
3.108964	-2.721166	2488.869175
6.884096	-1.524069	2396.233236
5.152386	-2.372704	1473.227847
2.542496	-2.288951	2440.068856
4.162630	-1.314461	1193.065494
4.037072	-2.644417	1843.539753
3.229012	-3.510389	1284.090221
2.173441	-7.356883	4.292375
2.514663	-3.072089	1168.262806
2.877886	-3.673856	743.811839
3.564004	-4.254398	538.280543
2.577661	-3.460570	751.406504
2.442844	-4.280455	211.976251
3.344743	-3.040872	2154.242647
1.352325	-4.533026	41.798763
3.903973	-2.162551	1423.020883
2.020427	-3.396485	455.015961
1.770761	-5.295077	28.145709
2.151732	-3.051250	836.609970
1.115498	-4.911181	23.219613
2.180633	-4.000215	231.667754
0.539375	-1.718262	162.823828
0.462525	-3.722646	35.198864
1.961060	-2.730375	979.943245
1.627136	-3.823826	142.085324
5.786336	-1.848198	1714.232882
0.839437	-3.382675	60.506112
1.272630	-3.867234	88.032321
1.695745	-4.484022	68.632043
1.153939	-3.472869	105.663125
1.465613	-3.224316	231.285066
3.548075	-6.290945	54.462225
0.786054	-4.793200	20.126027
1.136278	-4.191071	46.558149
4.494063	-2.707317	1757.396706
0.204812	-1.393935	231.180682
1.473981	-1.992217	1065.102076
1.558940	-2.822933	463.903941
2.620367	-5.024320	94.446460
1.288609	-2.439698	416.683740
3.480077	-7.778262	29.563267
0.537561	-7.822020	0.101355
6.880245	-2.104884	2114.451549
7.112806	-3.218395	2700.834352
4.743586	-2.351205	1387.228766
0.345483	-2.983469	46.679188
4.246693	-1.801031	1111.141672
4.507354	-0.995916	2133.406835
3.198931	-2.284473	2098.628576
3.275527	-0.326249	1140.379109
4.449623	-0.504116	1410.332231
2.689492	-1.154154	743.043340
1.945506	-1.916593	1794.797275
1.341281	-1.514074	1093.760373
2.086051	-0.809962	620.369202
2.017884	-1.504365	1326.753322
1.656231	-1.232861	1008.717604
0.244792	-0.333333	9544.078933
2.936281	-1.533327	1068.267279
1.719481	-0.874625	568.651317
3.659383	-0.594585	1010.495513
2.266603	-1.204353	799.712881
2.524545	-0.245869	1023.752464
1.559552	-0.498177	525.264095
1.849493	-0.187645	1181.030982
2.862572	-0.572118	793.832718
2.170914	-0.433514	889.049153
6.511231	-1.175063	2324.780559
5.253391	-0.891044	2313.874693
7.437034	-2.290716	2113.952629
7.528826	-0.954058	2320.812036
8.161520	-5.561961	122.621114
9.300530	-2.754815	2417.394941
6.205327	-0.261502	1011.745624
8.062153	-0.443317	1867.709970
5.830380	-0.453552	959.698336
0.722395	-2.976831	67.196655
0.169304	-3.433198	36.003543
0.887653	-2.534627	123.987478
0.176178	-2.550271	51.646657
4.951694	-1.190793	2397.576237
5.679410	-0.916766	1924.173309
0.983809	-1.362127	744.836145
4.055731	-0.268336	1202.878988
1.178809	-0.310532	2701.659687
0.894038	-0.704467	1452.053376
5.500054	-0.192051	1069.506001
4.800142	-0.235780	977.627308
5.974318	-1.333295	2245.565198
6.591269	-0.566483	1354.095058
6.995317	-0.304981	1224.476835
5.159570	-0.427830	1741.420317
3.215971	-5.628404	82.144576
3.929279	-5.543891	134.481940
2.517209	-5.491499	48.381010
1.990221	-6.106444	11.488279
0.250384	-6.430725	1.619872
3.845953	-6.596398	53.006663
3.658460	-7.012748	40.471242
2.353883	-6.485838	12.158595
2.752820	-6.345211	27.737650
1.231668	-6.265860	3.247816
2.165240	-6.860503	5.692447
1.293017	-5.339984	15.261003
1.708760	-7.490846	1.491673
1.639749	-6.338754	5.065689
0.972838	-6.643505	1.278838
1.034135	-5.805972	5.641137
1.146409	-7.002169	0.887341
0.516530	-6.751070	0.788335
0.204228	-7.488687	0.103106
1.732912	-6.764179	3.587497
0.894329	-7.265087	0.368388
8.401099	-2.832865	2286.258093
8.004266	-5.912843	57.091408
2.704234	-2.768650	2205.682536
3.514680	-2.032687	1453.669819
3.403321	-1.505616	1006.054436
2.821257	-2.013189	1955.194295
4.629315	-1.926784	1164.236465
0.258775	-5.432548	6.778769
5.318997	-1.919697	1401.957412
7.291458	-3.700168	2397.087765
7.989287	-3.418417	2365.358285
6.685741	-4.229717	1461.853235
8.827818	-4.501484	788.476070
7.230411	-4.926307	569.867186
7.076774	-4.123721	1694.637562
7.312060	-5.711967	139.817194
8.119761	-4.812631	541.074857
7.581554	-6.012679	58.532874
8.082918	-6.962676	4.344929
7.200630	-6.723061	19.739117
7.777205	-7.235451	3.984295
7.113034	-7.536835	6.548218
7.331120	-7.151876	7.740430
8.237371	-6.259635	25.919036
8.764614	-5.172934	274.334183
10.967292	-3.797723	1884.699047
6.604970	-7.712311	12.676327
7.988503	-6.578800	13.895175
7.508064	-7.824524	3.313913
7.892452	-7.620411	2.197319
9.531672	-7.787716	0.362110
9.222312	-7.144646	1.304753
8.491271	-7.580877	0.718492
8.773550	-7.784990	0.378744
8.217721	-7.795887	1.039626
9.138555	-7.572706	0.410963
8.837751	-6.908678	2.568799
9.653622	-6.494549	10.215092
11.634587	-7.488008	9.530822
8.884191	-6.510284	9.472483
10.846783	-4.857408	599.614641
10.111289	-6.232511	23.466492
9.638672	-6.929950	3.064947
9.223569	-5.900853	40.650042
10.016934	-7.584380	1.040167
10.523160	-6.486070	16.615821
11.291390	-6.748291	24.713368
9.001039	-3.359434	2346.412450
10.045081	-5.779435	77.650283
9.119926	-5.085053	336.773515
8.001100	-4.076429	1769.546595
9.118178	-3.813440	2016.206785
7.753180	-3.716381	2274.990197
8.622566	-3.264180	2355.184625
7.858277	-4.452404	1063.198784
8.354343	-3.542092	2270.643251
8.768730	-4.110680	1557.289652
8.507175	-2.043545	2324.045114
8.525198	-4.806425	500.272166
8.383368	-3.934585	1922.028609
8.604470	-5.518945	117.468632
9.179481	-4.679300	577.612390
8.810567	-5.844411	47.439307
9.527282	-5.631475	90.915455
10.116823	-5.024526	401.077501
9.555341	-3.884810	1895.775406
8.600722	-6.234218	22.464440
9.283701	-6.310852	15.625639
9.747268	-4.266706	1241.039924
9.640070	-3.232828	2475.437581
10.427977	-4.684240	697.281275
8.746790	-1.044697	4237.154512
10.216713	-3.492923	2333.260266
9.790907	-3.548695	2308.363888
9.544632	-4.609524	678.381405
10.499492	-3.849782	1904.935407
9.751823	-4.970553	407.250983
10.265612	-4.287449	1242.049980
9.449865	-5.252407	234.867106
10.332664	-5.454340	215.664079
11.154689	-6.070597	77.020136
11.133243	-5.654061	199.256700
10.786683	-5.390377	300.876054
11.210379	-3.340892	1955.104768
12.308293	-5.689818	265.835976
11.745467	-3.425703	1666.151469
10.248259	-3.075115	2523.895426
9.287366	-3.114937	2460.539879
9.876467	-2.947258	2526.732072
9.803135	-2.364709	2561.640637
9.931030	-0.202091	4108.273222
7.716556	-0.200370	3103.007779
12.252864	-4.177460	1430.776515
11.337054	-2.466531	2301.007809
7.978065	-0.892023	2009.102316
7.368123	-0.505351	2507.340112
8.273754	-1.207278	2720.360488
9.068397	-1.383238	3652.986152
8.160117	-1.758743	2317.720216
8.423722	-0.242946	4506.388992
10.317280	-0.465077	4592.917387
9.749644	-1.723933	2949.093370
9.751572	-0.949979	4320.152715
11.023905	-2.906807	2281.484025
8.812671	-0.529072	5339.139334
3.102475	-6.584459	36.425072
2.555303	-7.655426	9.609995
3.035381	-7.433688	21.134708
0.961517	-7.611409	0.240821
0.470374	-7.142365	0.281889
1.423956	-7.789389	0.519653
1.498402	-7.049948	1.647068
0.179823	-4.513422	16.985154
0.438599	-4.945971	12.925125
10.932416	-6.385566	31.555281
11.259746	-7.093882	11.290963
15.126409	-5.909868	361.278466
11.960058	-6.698458	45.449532
11.331259	-4.168854	1484.604145
11.824286	-3.919152	1578.971722
11.719213	-4.969270	715.819687
14.059458	-4.505161	1866.873997
12.036960	-3.065360	1479.606206
10.549347	-2.799328	2560.490003
12.209708	-4.752694	1039.344474
13.711228	-4.130774	1650.587574
11.815020	-2.540273	1881.889996
10.674622	-2.035564	2981.663453
12.776696	-3.929517	1450.185732
13.935892	-2.534119	1792.039443
13.117992	-2.737136	1371.544942
14.736908	-5.137633	1472.627174
12.696692	-2.705675	1448.869151
11.099679	-2.028508	2956.213341
12.443022	-0.531687	5351.801581
9.548204	-2.066908	2605.461124
12.269017	-0.941173	5304.238602
10.667499	-0.262987	6350.587939
10.437439	-2.366107	2736.984424
10.524037	-1.273494	3792.217498
10.403050	-1.686374	3233.442821
10.103869	-2.235838	2711.281944
10.082077	-1.818312	2903.177120
9.217620	-2.119733	2485.550275
9.704543	-2.665255	2496.087741
8.942419	-1.830621	2743.923142
8.601596	-2.496768	2221.908525
11.632820	-1.498666	3648.135618
11.166451	-0.896890	3196.271814
9.201448	-0.286125	4395.751833
10.238456	-0.926840	4224.267819
9.585604	-0.488216	5017.187556
11.643215	-5.446625	318.345317
11.065571	-0.476521	3224.470478
11.269342	-4.643737	909.672468
12.540901	-5.979800	204.435414
13.214510	-4.280947	1592.251447
12.597355	-5.481398	420.948115
11.770678	-0.405899	3408.047452
12.474342	-6.294001	106.690638
13.124657	-4.850353	1290.471689
12.643688	-5.074157	908.853745
13.518538	-5.124660	1152.125053
13.572467	-5.627888	608.278285
13.956621	-4.929643	1467.715755
12.814905	-6.633419	73.956370
12.402378	-1.372395	5805.901640
15.620825	-4.631313	2285.425912
15.651733	-5.197697	1463.281185
13.018555	-0.154419	2738.458262
12.893103	-7.466296	20.943772
13.227705	-5.909349	284.270123
11.252602	-1.637924	3597.209269
14.803546	-4.681820	2053.081903
14.092630	-5.715742	604.465350
13.688641	-3.241994	1036.269481
14.576760	-2.570243	1556.093908
13.988741	-1.074870	6966.474947
3.835358	-7.446708	39.106041
3.191816	-6.999728	31.716916
11.967173	-5.736803	212.718570
10.886120	-7.612045	3.900484
14.530964	-6.743294	91.951882
12.829963	-5.771381	294.179981
11.853446	-6.102048	107.098484
12.128008	-6.369264	80.478909
11.550934	-6.228406	70.883810
11.603900	-6.610127	42.976725
12.051257	-7.456072	14.999776
12.173250	-7.014193	27.805466
14.148280	-6.505337	121.416966
12.681762	-7.024417	33.788830
13.408909	-7.682850	22.608988
12.484194	-7.783446	15.449872
13.279205	-6.457187	116.084812
11.413697	-0.213534	6359.612363
10.948532	-1.232100	3723.069790
12.132626	-2.177093	2400.915434
11.585364	-1.043389	3192.241656
11.841465	-0.815385	3449.179883
12.865014	-0.493741	2522.702993
12.022280	-1.701884	3753.240722
12.868854	-1.577617	5443.202092
12.106980	-0.192365	4693.758997
12.565699	-2.320605	2047.333836
12.921829	-2.050618	2876.644917
12.485558	-3.087249	1271.256268
13.278713	-2.343188	2107.313991
12.835020	-3.434828	1182.783002
13.259570	-3.157087	1071.369432
13.988092	-2.897035	1184.544433
13.508139	-0.154419	3026.359158
14.621669	-3.257045	1026.469311
14.615838	-0.477514	4496.120561
14.629307	-3.995996	1661.998562
13.901143	-3.679009	1240.658786
14.301828	-5.273848	1191.968031
14.471302	-4.393553	1977.982456
14.734518	-6.110891	235.208081
15.168408	-5.459296	1028.856679
16.448544	-4.597418	2322.944958
15.876754	-2.726092	1184.098893
16.738917	-2.201228	2503.659996
15.014641	-2.429438	1767.049911
10.844612	-7.217920	6.423917
11.400857	-7.815381	5.688282
10.466999	-6.972832	6.360979
10.485262	-7.796664	1.777209
13.227646	-0.858357	3165.663177
13.876492	-1.839846	4650.135170
14.414885	-2.935257	1130.288040
14.300946	-2.346512	2172.552666
14.407377	-3.655839	1241.846456
15.313797	-1.202622	5983.939742
14.306717	-1.953687	4086.030612
13.643109	-2.261511	2484.878440
15.091017	-2.004607	4336.775395
14.472489	-0.972005	7036.861836
15.093789	-4.004765	1725.871404
15.344183	-3.631599	1267.515883
15.093993	-3.224036	1019.557919
16.090694	-3.159982	1062.955555
15.204138	-4.437099	2219.285730
15.325090	-2.761442	1128.564890
16.072530	-3.928723	1749.366248
15.789220	-3.602895	1291.243727
16.814631	-3.969481	1980.226506
16.528122	-3.285271	1127.574328
16.191704	-5.420863	1033.146889
13.814055	-0.370181	5248.326335
16.960239	-3.092031	1097.702593
16.152644	-2.285200	2638.202448
14.658906	-1.752587	5402.941245
15.490553	-1.687382	6099.913897
16.069112	-0.360263	3585.363751
14.782590	-1.285789	6828.410715
15.776251	-0.172405	4816.625316
15.044297	-0.261751	4826.215139
15.469255	-7.791022	25.046995
15.938777	-1.777496	5553.704197
15.541738	-0.845480	4200.678149
15.453670	-6.243836	187.963357
13.230729	-1.318647	5725.445048
16.034893	-4.376256	2358.588821
22.690425	-2.349966	2119.585429
19.619142	-2.221124	1044.215663
15.880355	-7.543886	27.485973
16.792333	-4.366742	2326.264074
14.259041	-0.215762	3499.550208
16.552768	-6.916030	51.770672
13.687104	-0.734797	4576.137320
13.730504	-1.473815	6636.812916
16.508478	-3.752624	1609.037087
17.214941	-3.842805	1840.115720
16.574447	-5.075641	1686.290547
18.770391	-0.188981	1963.459450
17.099075	-2.568728	1288.185872
16.859056	-1.635453	5506.387742
17.657366	-2.455590	1198.113625
16.371879	-1.384237	6087.617636
17.264275	-1.421202	4929.904772
16.449111	-0.187859	4141.201334
18.592393	-2.348868	1127.177381
17.822441	-0.868045	3701.687186
16.334872	-0.952435	4124.517347
17.113504	-0.528242	3330.010405
15.398673	-0.434156	4837.007283
15.967386	-0.771587	3610.947775
17.702501	-1.608136	4608.268200
16.681390	-0.541111	3864.617374
18.012763	-1.233241	5135.333962
18.619388	-1.624710	3916.554248
19.229936	-0.432078	2756.791388
17.370809	-0.174990	3169.087556
17.359008	-0.933653	3601.156502
17.082627	-4.522617	2226.645490
18.066521	-0.462635	3074.973495
19.677169	-4.437448	2098.557204
14.298966	-6.067437	262.016582
15.195656	-6.602024	113.073642
13.722088	-6.725506	77.253026
14.825924	-6.507871	133.825034
14.595217	-7.095320	49.661061
17.506347	-7.807046	13.855955
13.802462	-7.343617	35.167306
14.292907	-7.475473	34.366625
19.298387	-4.645351	1715.096500
15.309733	-6.967702	59.154856
14.566021	-7.814707	28.362938
19.069364	-1.663731	3397.308882
15.035276	-7.605729	29.546748
15.004254	-7.225575	42.818158
17.142095	-5.990966	221.535117
17.199926	-7.485041	19.841295
15.900746	-6.303664	161.870329
16.400683	-7.752864	22.426575
16.299730	-5.944766	320.029977
17.925629	-7.155918	22.101373
16.084855	-6.794870	71.199050
16.772998	-6.139633	183.819720
17.469440	-6.356566	133.053945
17.235116	-5.355212	1004.050253
20.109775	-6.978852	17.866351
17.130965	-4.806847	1878.669566
17.474837	-7.048578	29.447118
17.538369	-5.097121	1303.010362
19.731156	-7.573075	10.206706
17.851083	-6.210495	157.671357
18.300048	-6.901772	32.207979
18.644206	-3.901978	1966.261996
17.973635	-7.592381	13.494094
17.304167	-6.698057	67.571658
17.860392	-0.174990	3884.195914
18.105422	-3.810390	1881.081611
19.344102	-5.732005	291.391376
19.668072	-7.110942	16.591330
18.404788	-7.785334	10.437401
18.682148	-6.193925	124.270675
18.847912	-7.564871	11.427729
18.791177	-7.117771	20.846947
19.349374	-7.779536	9.325320
19.229554	-6.870304	28.443402
20.901255	-5.189467	553.932443
20.956382	-7.374688	7.407085
19.162160	-6.421338	77.056308
18.258413	-6.426891	85.089546
19.933625	-6.172915	104.437978
21.363222	-7.727242	3.839890
18.478560	-4.801402	1480.332801
21.807260	-7.500594	3.651030
19.905916	-5.405513	416.966046
19.493459	-6.126618	132.407222
20.256782	-7.793539	8.552123
17.849230	-3.351559	1265.693720
20.126133	-5.791926	210.664737
19.016072	-5.636704	387.836203
21.058779	-6.820494	16.910947
19.882032	-1.343722	3676.166051
21.235091	-5.464840	315.228408
20.192544	-5.099647	692.863033
22.732953	-5.383518	197.520872
20.443121	-4.389881	2391.528141
20.123437	-4.705137	1687.648878
18.967709	-5.276404	654.813933
22.593795	-7.421063	3.316011
21.204487	-5.873283	122.170031
21.465723	-4.841369	1062.199415
19.549491	-2.664234	889.383194
19.528608	-3.548145	1691.230245
18.844575	-3.002364	924.560003
20.844329	-4.459780	2314.987953
19.777677	-3.954863	2365.838446
21.538177	-6.664363	18.322933
20.308154	-1.003599	3164.986274
19.792936	-3.041652	1177.885125
18.464176	-2.785938	871.978441
20.503340	-3.580055	2492.111773
21.168011	-2.815585	1534.154136
17.340906	-3.432708	1306.098212
18.993609	-3.478303	1507.689916
17.342011	-4.389061	2209.936227
18.079096	-4.770977	1607.357159
17.834185	-4.155243	2134.315606
18.810384	-4.434222	1924.251385
16.966575	-5.129194	1536.626338
17.544395	-4.598316	2049.115412
17.320110	-5.676894	440.137780
17.428301	-4.830257	1762.384627
17.798197	-5.789411	354.528070
18.685417	-5.803904	301.230385
17.870527	-5.134105	1135.097495
18.045361	-5.504713	619.726744
17.863031	-4.502051	2010.169058
17.452028	-4.106510	2148.397198
18.640334	-5.184956	826.696524
18.415704	-5.525139	543.820221
19.564052	-5.391888	471.766605
19.293938	-5.103979	825.874172
16.841928	-6.619690	85.236908
16.740096	-7.430859	25.627101
18.662039	-0.893525	4625.757136
18.486937	-0.476625	2602.941350
19.160246	-0.848977	4489.077795
18.431945	-1.244731	5617.088461
19.380128	-1.239204	4508.946226
19.984031	-1.945424	1327.952597
19.553294	-0.243097	1555.902665
18.380341	-2.013701	2135.256741
18.968455	-2.340094	1016.942740
20.290144	-3.082990	1398.434759
20.894786	-1.740373	1781.764472
17.882637	-2.008616	2355.733637
20.042878	-0.243097	2287.692007
18.026853	-2.897745	914.313596
20.220972	-6.562180	41.582284
20.495776	-7.440985	9.485279
21.943975	-5.410816	258.403241
22.358527	-6.106636	49.270818
20.709370	-6.470119	40.600671
23.564262	-6.210630	28.930706
22.518035	-6.542959	18.677645
21.590815	-6.164809	57.892418
22.996935	-7.447152	2.990772
21.879818	-6.991909	7.269197
23.184742	-6.709988	10.971876
23.302620	-5.962868	48.382146
22.701755	-5.840498	73.242290
22.256538	-7.773352	2.625645
22.343436	-6.912378	7.172372
24.977547	-6.618481	9.851525
25.838418	-6.503669	12.343072
22.344616	-5.130081	412.336149
21.989084	-5.930392	89.223743
24.477215	-6.027246	35.728183
21.730940	-3.940219	3542.584896
21.970871	-4.511996	2114.328016
21.640513	-4.559866	2008.476748
22.344061	-4.021846	3289.349455
21.467056	-4.185762	3067.442727
23.453246	-5.575619	96.728172
21.524962	-2.424011	1510.974038
21.105879	-4.105101	3120.620921
21.030716	-4.821944	1157.899780
20.952810	-3.669821	3101.029837
20.255201	-3.945435	2667.742870
20.574761	-5.308982	443.003557
21.576310	-5.236791	446.086272
21.707365	-3.509720	3646.026035
21.290413	-3.319984	2855.440428
20.506548	-5.733535	211.952336
20.802439	-6.022462	101.576819
22.176624	-2.911020	2564.799280
20.617213	-2.668357	1182.450387
25.451665	-6.829129	6.749884
23.305512	-7.799441	2.240877
25.444174	-5.755062	59.475069
23.746937	-7.527649	2.469426
23.177103	-3.829596	3500.246659
20.365523	-0.482181	1443.811424
21.970716	-2.512642	1798.231417
20.480557	-2.126120	1209.219473
23.810322	-6.819671	8.440874
22.895943	-3.070542	3406.804543
22.324204	-2.139615	1956.527960
24.161634	-6.682161	10.402139
22.308138	-0.478110	1554.761130
22.268913	-1.636488	2720.280334
21.388393	-1.891036	1957.234317
21.778856	-1.476540	2683.186727
22.664660	-0.794431	2323.267318
21.614873	-0.208984	757.230000
22.678779	-1.280730	2778.441313
20.885145	-0.239084	1192.248913
20.824383	-1.219554	3081.083348
21.660616	-1.013444	2766.578556
24.564961	-6.929821	6.128624
21.203143	-0.448068	1322.522863
21.199750	-0.907121	2757.510521
21.908801	-0.554392	1532.782779
24.446673	-3.608826	2737.187791
24.191425	-7.728207	1.998019
24.177157	-6.227164	23.804949
24.626346	-7.448806	2.601434
25.097184	-5.818088	52.288211
25.153671	-7.720599	2.181615
25.566404	-7.412261	2.941419
25.781410	-6.022000	34.332055
23.608654	-3.644202	3601.165145
19.206379	-2.043949	1383.445962
19.136129	-2.694787	859.896043
22.312914	-4.703090	1331.635186
24.933964	-5.016662	213.477598
23.037971	-2.228368	2262.467437
26.050354	-4.220589	810.364521
26.679978	-6.312905	17.865641
26.328660	-6.691555	9.106287
29.008889	-6.687309	8.337482
26.100233	-7.691662	2.596192
27.861451	-0.785827	2496.047395
26.475736	-7.296416	3.703594
26.140248	-5.726468	56.113764
27.272001	-7.734950	1.863114
27.456807	-6.048971	26.971444
25.995552	-5.315571	115.863512
24.152558	-4.992113	349.561134
26.548574	-5.829487	44.947120
25.590056	-5.322436	116.447385
27.907738	-6.252568	19.717163
31.599421	-5.857269	119.713332
25.357301	-4.933190	230.542784
24.819729	-5.468935	94.329534
23.684597	-2.335300	2847.942160
27.753435	-5.259106	129.705836
26.215463	-4.933321	228.209770
26.716481	-4.950231	222.524146
24.469323	-5.613945	74.961899
24.874279	-6.170903	26.314823
25.312676	-3.883059	1803.276741
24.800901	-3.964242	1884.464658
24.121396	-5.397428	125.905325
23.002939	-6.072862	41.126833
24.566843	-4.358210	1092.138406
23.031851	-4.325563	2002.158951
23.865194	-6.040088	37.292713
23.817325	-5.623653	76.975867
22.924410	-6.495396	20.024138
23.230072	-7.065677	5.088419
23.657157	-7.146174	4.549068
23.524913	-6.535216	13.711506
25.597687	-4.213592	909.596862
23.654944	-1.946430	2625.949602
28.912424	-6.115037	31.173187
27.113081	-6.402949	14.738190
23.140693	-1.456075	2269.522608
24.468343	-3.172955	3307.759343
23.184762	-5.228633	246.379919
23.355469	-4.731342	753.547562
23.284083	-2.909706	3348.685228
22.816090	-3.505503	4037.752097
23.988080	-3.862782	2587.495760
26.904896	-5.435499	88.467458
23.336804	-2.518990	2755.173754
22.601117	-2.801423	2621.824192
22.423494	-3.641241	4040.557288
22.591407	-4.382076	2204.430027
23.839578	-4.652284	735.897844
26.062836	-3.210547	2228.047401
23.521793	-1.106627	1942.543310
24.036878	-2.941983	3565.017590
23.878179	-0.269553	1571.211131
23.236145	-1.866690	2281.542829
22.078853	-3.315876	3662.353648
22.022996	-4.126981	3114.888660
27.463317	-4.499384	526.808702
24.032973	-2.508726	3240.781275
26.034543	-2.692493	2269.287049
27.380026	-5.564939	68.525205
24.614720	-4.756357	441.568735
24.365358	-1.820967	3146.137571
24.061615	-4.265347	1324.808787
26.972049	-4.559993	482.604722
24.434831	-2.236327	3229.146795
24.843328	-2.924042	3181.920188
22.993376	-0.132702	1106.798854
23.896147	-1.275308	2468.105390
24.813721	-2.420670	3127.532064
23.933846	-1.704496	2793.922072
24.297687	-1.043456	2488.171767
24.657381	-0.288900	1581.190307
24.617278	-1.411126	3114.287526
25.419157	-1.818873	2878.656770
23.500326	-0.585875	1259.857194
25.112405	-0.461650	2476.225214
25.512684	-3.391093	2383.384497
25.261790	-3.019128	2776.836412
26.788999	-4.142956	889.222826
25.551782	-2.615529	2619.955644
28.577466	-3.204617	1669.022590
25.275532	-2.257304	2872.866251
26.000749	-1.260675	2641.728943
25.913357	-0.172749	2343.048960
25.069586	-1.370778	3081.845784
24.301186	-0.558454	1547.794514
26.438153	-0.635708	2733.879770
26.314028	-2.399725	2029.971473
25.895302	-1.697894	2517.382189
25.771442	-0.917180	2727.666680
29.929281	-3.833110	1693.012533
26.057007	-0.472526	2468.484543
27.981082	-2.510420	1608.947516
27.490351	-0.194482	2565.701920
27.001671	-7.339703	3.206120
27.287698	-6.824886	6.783867
29.507812	-6.922512	6.707051
27.804260	-6.736743	7.391521
28.150070	-7.800024	1.446686
29.065171	-7.748046	2.022454
28.544807	-7.064681	3.407835
30.312743	-7.341211	8.678917
28.043303	-7.051585	3.294872
29.487410	-7.499860	3.692873
30.760662	-7.346745	13.264252
31.189046	-5.963398	88.234463
30.831259	-5.703517	122.952665
30.765092	-5.275132	276.982629
31.078490	-7.757349	13.186461
30.010229	-6.763862	12.129287
31.563974	-7.491309	15.153399
29.984738	-7.751814	4.927016
32.867639	-6.609202	35.304996
31.956127	-6.667190	34.010088
31.072603	-6.814851	23.468274
31.973376	-6.184181	76.236799
33.309677	-6.800540	24.750706
31.552999	-6.959415	22.233934
32.430173	-6.913198	25.102247
32.730486	-5.092553	443.696997
31.985484	-7.733961	13.497272
31.531292	-3.798005	2751.811777
32.448555	-7.448074	14.888896
32.426095	-5.912683	111.302936
32.931821	-7.714113	12.125204
33.355477	-7.370575	13.348962
32.359474	-5.440492	233.177712
31.667250	-4.910533	573.224934
32.846312	-6.091697	78.823829
31.848311	-5.382096	256.428459
33.325439	-5.763472	129.901370
33.276234	-5.236519	347.559416
33.721655	-6.500633	36.532972
34.552439	-4.489322	816.459718
33.687272	-4.855258	660.385376
32.881811	-3.662947	1958.319528
32.067413	-4.466941	1167.403646
31.132608	-4.846295	595.045436
33.758745	-5.981070	81.284584
35.676750	-1.190972	1570.603844
32.619486	-4.590565	975.778693
33.565624	-4.298029	1141.071676
34.261633	-4.920055	565.542923
33.929986	-3.997808	1010.799193
36.560279	-5.622949	198.525893
40.736238	-0.309504	637.696977
30.514953	-5.955955	74.234550
30.171014	-6.402698	34.113311
33.043586	-4.177302	1472.474762
31.971476	-3.995233	2224.757026
31.618378	-3.255252	3373.464712
31.133524	-3.967051	2119.170737
31.232818	-2.503107	2571.066401
30.946237	-4.398353	1156.325378
33.266337	-3.189242	1205.783119
30.740403	-3.691801	2429.230994
33.001539	-2.675615	1055.414287
29.674488	-1.455550	2504.797743
30.366475	-3.944101	1722.802210
28.575759	-5.024530	206.750040
32.116871	-3.146517	2768.446546
27.983266	-3.804384	1071.642031
30.752021	-3.254440	3233.309503
30.464114	-4.368657	1108.536488
32.361774	-3.604502	2562.759095
32.960879	-1.704665	729.865250
33.991048	-1.529618	956.023242
30.940637	-6.414582	46.277380
28.450083	-2.453935	1778.425193
34.137015	-2.894473	416.028583
32.937380	-0.857743	1766.408711
30.120081	-6.021527	67.820011
28.631782	-2.037134	1969.336082
27.147968	-0.958813	2645.340349
31.232228	-2.986936	3473.111912
29.832378	-3.339912	2347.545024
26.983039	-1.322388	2158.631222
30.281190	-3.013542	3036.312025
29.383425	-3.197445	2072.992161
28.921068	-3.973598	1065.107693
30.114845	-4.694560	618.888384
30.229452	-5.153093	283.163249
29.256272	-4.217070	843.089693
28.242062	-5.433730	103.130873
29.900748	-5.647050	123.645593
30.565886	-6.337126	48.941832
29.094778	-1.966246	2314.282355
28.098938	-3.327449	1475.395590
27.721700	-2.172358	1549.144261
28.420540	-4.161455	783.265625
28.962322	-3.493694	1593.536426
27.770670	-2.962063	1614.959129
27.151931	-3.799715	1121.103178
28.298957	-4.615890	376.142599
29.344198	-4.653964	515.598967
27.546807	-3.982736	898.825753
26.955834	-3.362000	1566.235184
26.411885	-3.465879	1683.889024
26.361034	-4.000241	1130.920213
27.778192	-4.775466	300.610154
28.319584	-5.943161	39.670371
29.352799	-5.614599	94.959908
29.093657	-5.033522	221.754172
29.745403	-4.562081	701.831603
29.657477	-4.125187	1024.096948
25.557127	-4.609450	459.285069
26.009794	-4.616447	449.725064
23.105106	-0.449024	1941.232492
22.503793	-0.132702	956.975112
25.423774	-0.172749	2793.829118
25.316423	-0.906304	2913.123168
26.388109	-1.151952	2488.486169
27.575486	-1.040491	2342.221510
26.810611	-1.999414	1786.262871
27.607287	-1.464813	1786.138424
28.558538	-0.427698	2745.882601
28.568670	-1.211638	2735.657746
26.642797	-1.410233	2217.671312
27.893153	-1.735941	1654.358698
26.570550	-1.776980	2011.725452
27.231521	-1.605261	1776.134781
26.210414	-1.955919	2172.786329
27.131342	-1.915539	1655.839545
26.710635	-2.401406	1802.871634
27.214581	-2.965245	1669.347296
27.335653	-2.211508	1565.288003
27.038947	-2.552752	1661.420531
26.857770	-0.530414	3402.473545
28.334235	-1.657203	2063.224340
28.718199	-2.782746	1841.827988
29.215768	-2.749040	2102.281366
30.307346	-2.499172	2727.042551
29.410648	-2.349342	2287.495474
29.025803	-1.207803	3075.977698
29.254363	-1.582480	2618.139195
28.237621	-0.173735	3545.204492
31.553652	-0.603973	1833.157536
29.726476	-0.214199	3823.891013
30.007333	-1.698212	2204.085535
29.320295	-0.881935	3001.350500
30.435285	-0.195958	3279.067738
29.313018	-0.468161	2846.045378
29.721278	-1.041110	2556.189221
30.503870	-1.418117	1827.130235
30.778766	-2.256241	2288.296913
30.746924	-0.544503	1921.365668
30.039911	-0.823294	2424.192895
31.372496	-1.589785	1307.877091
30.052386	-0.410157	2438.609447
30.489657	-0.957640	2002.947041
27.000767	-0.194482	2868.937545
27.821722	-0.368218	2488.598233
28.961541	-0.253963	2162.177751
28.353475	-0.845307	2932.415059
31.610239	-2.144543	1655.719487
30.871036	-1.685210	1586.259980
32.116307	-2.197020	1362.512269
31.155389	-0.348544	3016.960351
32.372111	-2.691334	1677.028249
33.275017	-2.168763	556.900107
31.660860	-1.164984	1428.420804
32.431598	-1.717203	937.495686
34.461411	-0.452845	971.089600
33.051874	-0.434259	1717.463319
32.213894	-1.239924	1162.391259
31.976388	-0.255429	1948.720236
34.417211	-1.254551	1341.464315
33.858957	-2.044059	418.250495
32.686891	-0.186078	1093.387417
35.068854	-2.644234	244.101361
37.088054	-1.748583	960.082040
33.645707	-1.169794	1239.055517
33.199478	-1.220137	1326.380439
33.850685	-0.800762	1192.303922
34.996078	-1.863104	636.829414
34.133134	-0.179440	1020.641325
32.350780	-0.441507	1327.573117
33.411857	-0.248180	1053.692393
32.481078	-0.864992	1580.161055
36.592547	-2.371018	407.143401
35.253456	-1.023419	1505.155269
33.763741	-0.427620	1050.168856
34.843902	-0.273405	840.120722
34.303564	-0.825987	1205.371304
36.745216	-0.491735	863.177770
36.358920	-0.237499	538.689397
34.857087	-1.388478	1346.228666
35.824024	-1.678753	1196.103141
34.744760	-2.268643	298.953216
34.342440	-4.124304	888.757156
35.622318	-0.242945	726.134575
34.232345	-2.408194	295.020585
35.557735	-2.462353	269.210370
36.273037	-1.658896	1236.913221
37.160177	-1.294802	1514.091971
33.763111	-3.228202	756.624107
35.996862	-0.480445	835.287416
34.521475	-3.165353	398.391675
35.539721	-1.985826	595.205642
36.741883	-0.978946	1318.545072
36.176075	-3.590412	388.292089
35.876570	-2.753321	235.253423
36.014058	-0.921403	1323.441103
36.372782	-1.165669	1431.071683
36.570015	-1.925955	838.139816
37.105046	-0.254236	725.111032
33.963031	-3.610078	802.068778
34.400745	-3.522204	617.921726
35.965471	-4.482779	771.499101
37.649629	-3.299706	489.744332
35.728326	-3.343945	295.021449
37.515975	-0.503943	646.767317
36.952309	-3.212043	375.014150
35.281534	-3.463407	352.791607
35.354256	-5.205676	348.598573
37.557649	-4.921828	567.987914
37.574439	-1.057298	1476.699233
38.893957	-1.980408	574.241974
37.864053	-0.249708	250.911957
36.330102	-2.702001	268.029404
37.326970	-2.097452	570.043016
27.797071	-7.534974	1.835111
28.621491	-7.548070	1.889397
34.727817	-7.299735	9.229767
34.731931	-6.692433	23.180622
34.589387	-3.800752	712.088076
34.940898	-3.054664	292.171821
35.076212	-4.328657	799.521533
35.050753	-3.852643	610.688899
35.282513	-6.187051	62.727759
36.575311	-6.904348	15.745505
40.434609	-2.631402	438.161537
38.334734	-0.497460	3243.973459
37.998772	-1.249582	1831.353187
38.902972	-0.247752	543.633880
38.653887	-2.357892	484.355072
39.279720	-2.017969	486.589886
38.291473	-2.352556	500.329231
39.440530	-0.516504	876.573818
39.280046	-1.037621	889.222083
38.410989	-0.943980	2522.032953
38.818743	-1.215389	1206.440282
37.990645	-3.356237	557.741769
40.006677	-2.691174	404.927946
39.663368	-1.318749	891.882035
39.949016	-0.268752	1019.306269
39.844297	-3.043542	473.004305
40.916048	-1.443078	1395.296194
40.169465	-1.107136	1065.870254
40.294629	-0.578256	795.505104
41.351890	-2.216921	685.965933
39.430026	-2.406630	412.435740
40.450551	-1.438630	1133.191335
38.607442	-3.070946	510.746577
39.444274	-3.096034	481.852407
35.779714	-5.504123	230.834201
34.050488	-7.792318	7.520784
34.196013	-5.788577	114.464236
34.551358	-7.044522	14.359984
34.446153	-5.342180	252.149002
34.528829	-6.091909	73.659064
34.941888	-5.441537	215.469639
34.086383	-6.663002	26.360169
35.153806	-6.610664	26.236048
35.292433	-7.633539	6.327804
39.256536	-5.792874	97.573190
34.933178	-5.913958	100.009087
35.716681	-6.013077	93.544641
36.521633	-7.411228	7.570081
36.218363	-5.329518	320.716268
35.396873	-6.956426	13.526153
36.968727	-5.483399	252.826763
36.751697	-4.740435	703.826789
35.451414	-4.624103	718.624768
36.105545	-6.269941	55.626493
37.135884	-6.105079	73.936305
36.873239	-6.677553	26.980393
39.774825	-4.129794	711.382981
37.825779	-5.331215	285.086633
37.071545	-5.040656	512.018239
39.409592	-4.410386	685.291773
37.230081	-4.009417	847.053104
37.681232	-4.388844	910.849940
36.268801	-4.044564	707.079902
38.159023	-4.192411	926.546786
38.236416	-3.689160	722.684678
36.306963	-4.889747	616.424803
36.786650	-4.242180	837.427044
38.661442	-3.494880	654.878868
38.100974	-2.676192	462.683791
39.365428	-3.503542	623.206445
39.235041	-2.769203	419.246890
39.024517	-4.214300	790.790475
39.996655	-4.910899	400.354161
39.009624	-3.705926	715.227546
40.389466	-3.445907	663.645404
38.598942	-4.506505	770.514535
39.745555	-3.731324	666.658569
40.144638	-4.401684	652.847335
36.127648	-6.703725	21.416918
38.290887	-5.396053	230.196418
39.186644	-5.235799	275.446091
40.023555	-3.427656	601.181902
40.638140	-3.002021	581.068898
38.650948	-5.042183	393.149057
39.519712	-4.896207	447.045050
40.276568	-1.896907	590.095157
39.599331	-1.753533	569.370363
43.647644	-3.003309	3493.645420
40.481140	-4.234371	747.784080
39.801639	-2.381093	401.138457
39.931445	-2.000197	485.617023
39.580171	-7.796400	3.320782
40.842933	-4.415039	678.666526
38.680611	-1.633611	850.779507
38.844666	-2.758026	447.414086
38.165184	-1.665849	953.049256
37.757944	-2.613672	446.497864
38.016116	-2.007311	619.368283
37.674358	-2.177416	526.174050
37.542118	-2.875397	414.851729
38.226164	-2.994448	495.177874
37.174476	-2.818061	374.053147
37.276204	-3.540158	534.400884
37.042913	-2.476371	416.481636
36.558302	-3.201337	313.230028
41.346729	-2.749435	797.215309
40.575513	-3.783597	801.033067
33.828311	-7.448780	10.534688
34.545876	-7.639866	7.046720
34.456288	-6.446771	34.971599
34.147239	-7.041114	15.324377
34.901638	-7.847547	5.983946
36.886383	-7.711188	5.285259
38.171570	-7.448257	5.721207
35.151457	-7.293408	8.831190
36.510494	-6.054418	85.484011
35.765795	-7.785992	5.764872
38.404406	-5.876502	90.627884
38.834360	-6.079707	58.931062
38.062483	-6.208566	53.552954
38.934338	-7.796400	3.413901
39.006455	-6.928856	9.562358
41.481804	-4.842817	421.533461
37.426576	-6.333645	50.623914
38.733537	-6.555727	22.793757
37.359575	-7.491881	5.886927
38.223328	-6.614444	23.161353
38.674383	-7.463965	4.999470
40.491333	-6.025726	52.255463
41.301477	-5.974862	51.228966
37.993432	-6.971865	10.706429
39.556695	-6.900439	9.186889
40.779107	-7.731862	3.743922
39.870457	-7.435548	4.589914
37.504354	-7.015489	10.879899
40.364960	-6.459895	22.110822
37.785692	-7.780693	4.830248
40.239377	-5.263925	190.145215
41.416146	-4.011509	964.731108
41.739211	-5.190439	214.965481
41.126546	-3.465138	940.145058
41.005834	-4.856080	395.182554
41.657733	-4.326524	785.146232
40.881219	-5.772690	78.588336
41.300956	-7.450162	4.300155
43.353420	-4.602598	525.135332
42.252797	-3.092783	1682.781625
35.818931	-6.996596	12.274101
37.287256	-6.708040	23.900601
36.046878	-7.486031	7.380476
37.718433	-6.122087	73.699086
36.830525	-6.261407	55.530566
37.595248	-5.725186	146.615541
37.224300	-5.758541	142.867392
39.699121	-5.980048	56.441163
40.756204	-5.253168	185.364089
40.641862	-6.813039	10.225158
41.355310	-7.028853	8.265611
40.106626	-5.720136	82.296570
39.832895	-6.482757	22.168144
40.423559	-7.371009	4.904203
42.972612	-7.429601	4.831432
42.291686	-7.025032	7.336274
41.051764	-6.752582	11.387390
41.631871	-6.704142	12.634584
41.328325	-6.427871	19.068041
43.422952	-7.397934	4.625668
43.449237	-6.455598	14.047516
42.582357	-3.657987	1894.255830
41.683163	-1.057522	1783.831718
42.202734	-5.094763	244.286898
43.788743	-6.109962	24.431848
41.683955	-5.688347	90.645422
42.801840	-5.615707	91.054583
43.007612	-6.469033	15.153442
42.754514	-6.110693	34.875835
42.381022	-5.475039	115.429844
43.189919	-3.613219	2168.118473
43.649937	-4.812542	338.486390
42.754192	-4.576016	641.623223
45.039556	-1.175920	6629.648393
41.799083	-1.979215	876.814969
42.021219	-6.650443	13.737966
42.081078	-5.852185	69.181726
43.016933	-4.861561	401.812747
43.453365	-3.917779	1686.444092
42.567476	-2.172156	1188.877361
41.948568	-1.441805	1301.067981
42.885562	-2.937887	2379.893783
41.479750	-0.228017	1081.417718
42.156345	-2.348611	1033.417083
43.344957	-1.734502	1218.534631
41.692583	-2.943187	1104.125148
42.912725	-4.200596	1076.004254
43.616554	-1.354508	1145.707541
42.966710	-0.246137	2116.623720
44.802505	-0.422121	3414.666992
42.648633	-1.722077	1131.027939
41.090988	-0.537520	1789.094167
43.824945	-5.642492	71.091649
43.289590	-4.259771	1019.601175
43.090601	-5.323600	182.656357
43.358196	-2.184855	1942.248712
44.614265	-6.183756	17.526609
44.053324	-1.330642	1425.247541
42.584997	-0.542314	1559.609870
42.914969	-2.461871	1758.248908
40.574694	-2.218031	501.931869
41.029129	-3.054248	746.103123
40.921605	-3.750601	897.225600
42.055005	-2.780067	1251.014467
41.077316	-4.086759	872.555480
41.465237	-3.602794	1124.511406
41.713673	-3.385655	1321.065666
42.024263	-3.466114	1589.548201
42.221723	-3.800893	1542.796288
42.563677	-3.182176	2093.196249
42.087928	-4.230501	943.796268
42.375520	-4.651117	554.885883
44.582575	-2.701623	5295.515590
44.245797	-7.536758	2.949471
43.831481	-3.819250	1868.710910
46.683703	-6.403279	4.611613
44.024702	-4.638749	421.958343
42.851781	-3.832936	1762.872951
43.242381	-3.193981	2907.528832
43.973298	-3.324017	3192.896329
44.423348	-3.195090	3606.584287
43.734053	-2.470199	3424.762879
44.130848	-4.150718	965.502937
44.908695	-1.670967	6112.988144
46.677083	-7.666667	0.011741
44.723962	-3.560416	1927.553945
43.713975	-7.750074	3.273071
44.202450	-6.363983	14.950312
45.502657	-7.816735	0.918443
44.097108	-6.811833	7.944373
44.310432	-5.418347	88.108702
43.662446	-6.909490	7.824819
44.625572	-7.786684	1.978847
45.555618	-7.112392	1.409621
44.389436	-7.086961	4.498006
45.815524	-3.891471	632.588301
44.846411	-6.935388	4.169455
45.142929	-7.201920	2.039208
45.065729	-7.603419	1.513539
46.105583	-5.073197	77.878550
44.965899	-6.480033	8.215329
44.686045	-5.705590	43.870496
45.474713	-6.333109	7.703204
45.581878	-5.797127	23.815061
45.111093	-2.603260	5745.875723
45.403381	-3.035574	2615.053165
44.760576	-4.765704	254.933477
44.573279	-4.020811	1016.738627
45.148451	-5.004603	149.829249
45.420639	-3.893684	805.229263
44.846353	-4.334803	501.017060
45.175477	-3.499263	1685.248739
45.144844	-5.465884	54.230091
45.242199	-4.268829	464.685546
46.482024	-5.871346	17.641611
45.448284	-4.690211	237.211808
46.044149	-3.545779	873.039578
46.502457	-3.717542	632.472558
44.381355	-4.939743	214.243168
43.521103	-5.337681	165.906673
44.375155	-1.782758	3659.168207
45.767914	-6.698937	2.352120
45.280991	-2.087285	7543.095702
46.496062	-4.181534	330.728161
44.218933	-2.297440	4461.951539
46.135813	-2.253957	2119.477850
46.567051	-5.010678	77.886070
45.788362	-1.935029	6402.294185
44.443074	-0.187913	2977.694743
46.197032	-0.276265	3548.340984
45.577296	-0.510473	2303.183758
45.914627	-1.367181	6789.020729
46.443390	-1.186597	1732.943954
44.105021	-0.465052	1764.903198
46.042563	-4.272513	342.061542
46.593814	-2.911465	1058.351100
45.853764	-4.696108	186.826974
46.768730	-4.542611	162.388858
46.020556	-5.600531	32.056881
46.775126	-3.411952	825.339848
46.798321	-5.468067	37.107100
46.818688	-2.499512	951.106113
45.877168	-3.084302	1592.088705
46.575463	-2.076511	1000.223322
46.154164	-2.755578	1539.493185
44.272243	-0.892847	1648.911955
46.756775	-1.576999	601.710365
45.156306	-0.234208	1391.202820
44.724934	-0.849916	2754.265714
45.538116	-1.024390	9461.989829
46.686615	-0.609598	534.672799
42.246917	-6.221663	31.685355
41.709349	-7.718300	3.565608
42.617801	-7.781740	3.956777
42.770481	-6.954592	7.810480
41.186530	-1.070849	2072.343245
42.170900	-7.500041	4.298665
42.212038	-0.296177	1656.568807
41.832413	-0.524194	1023.330087
42.986329	-1.150443	1267.374848
43.724448	-0.277139	2126.087261
43.363032	-0.523276	1836.005168
43.338275	-0.974937	1319.931104
42.629374	-0.994959	1468.766337
42.386986	-1.361121	1325.716757
42.982887	-1.561438	1137.141951
46.329928	-7.363824	0.184953
45.801335	-7.513892	0.603156
46.336547	-6.767103	1.233920
