35.216220	-0.516351	886.922504
23.635782	-3.159273	3912.087939
3.906356	-4.625194	504.481991
15.751855	-7.100720	63.193486
0.820499	-4.316766	33.863729
9.545038	-1.329375	3382.072670
9.068539	-2.507094	2118.843285
40.988189	-1.983579	707.519846
29.903079	-2.208237	2649.156179
4.705627	-4.860507	617.593579
4.948120	-7.048297	56.499997
4.335467	-4.519673	800.194140
2.068274	-5.657132	20.652818
6.651881	-5.362644	271.521968
6.284333	-7.398759	26.754364
2.162253	-2.271516	2305.249701
4.514702	-6.118589	117.153686
5.682362	-6.940771	53.326137
5.458316	-5.448105	275.309676
8.471716	-7.132625	2.031881
5.647577	-6.123224	121.076904
6.397701	-6.875958	39.188550
4.299297	-6.544255	67.405894
5.456679	-4.688062	879.914068
5.073977	-5.557625	223.776517
5.720230	-5.750612	183.271530
3.576298	-5.879917	82.441447
5.799991	-7.434898	39.396892
4.966308	-6.047125	140.092550
4.551046	-7.785950	46.425410
4.698518	-5.294144	287.353671
4.998979	-4.114878	1536.314865
5.277993	-6.310217	104.672525
6.224506	-4.721828	792.759307
3.743726	-5.096644	220.784804
5.279444	-6.768219	67.893590
6.008436	-6.669519	57.617377
6.253093	-5.384605	293.254741
6.354715	-4.058197	1538.631341
4.516106	-6.968292	54.915837
5.453961	-7.748451	43.591045
10.040178	-7.154674	1.439796
6.071392	-4.399061	1200.056943
2.337333	-4.712145	109.213004
4.315307	-5.631660	170.449859
6.885763	-5.748169	141.384404
5.005008	-7.534401	48.659871
4.239660	-7.454396	43.201162
6.224082	-3.748792	2170.501497
5.081703	-4.592462	960.191740
4.388238	-3.599899	2501.976697
4.559807	-4.039519	1556.944384
5.625243	-5.062401	500.270434
5.627572	-4.020225	1894.949027
5.326744	-3.497340	2575.264733
3.307252	-5.180077	144.791055
6.051487	-5.048190	494.895948
5.729810	-4.351083	1297.525355
6.088763	-5.701324	183.487155
6.819109	-4.980423	470.562988
7.489480	-5.272326	231.607230
5.271717	-3.879620	2045.267366
6.593339	-4.676022	790.226471
5.338124	-2.735933	2101.275196
5.838521	-3.758797	2262.445265
5.689429	-3.448021	2534.411463
6.247108	-6.045261	113.679407
6.645319	-6.114068	86.410080
6.642224	-3.067707	2198.912192
5.116963	-3.173008	2702.722622
3.708551	-1.148911	925.607465
4.681701	-3.165891	2799.656921
5.975102	-6.309974	92.500754
6.762579	-6.585220	40.052879
7.916226	-5.222156	218.236093
7.395674	-4.515910	822.073759
3.946670	-3.512237	2486.076740
3.032531	-4.884678	172.378512
7.556589	-2.782260	1788.256736
7.369629	-1.364196	2455.121482
6.299209	-3.346071	2421.862075
5.904602	-3.158832	2440.656430
6.044679	-2.336348	1697.566952
5.763078	-2.771076	2084.071352
6.529218	-2.445740	1821.133119
4.989592	-1.635092	1373.085487
0.509160	-5.863273	3.055406
2.257563	-3.644874	518.814644
7.552300	-6.422762	23.410515
7.971347	-2.966069	1739.796686
3.608476	-3.798883	1513.004733
2.819999	-4.138401	437.952883
7.705230	-1.853626	2058.621821
0.449604	-0.727268	839.172644
0.510741	-2.207932	121.565161
1.736428	-3.476994	302.783455
3.126653	-4.430448	375.289524
1.936663	-4.817269	59.075761
0.473044	-4.136204	32.357111
3.783143	-3.015328	2953.503055
1.834205	-4.098658	149.478521
2.838093	-5.800184	41.788265
3.108964	-2.721166	3098.230382
6.884096	-1.524069	2459.816759
5.152386	-2.372704	1582.066981
2.542496	-2.288951	2801.492368
4.162630	-1.314461	1216.790764
4.037072	-2.644417	2436.998606
3.229012	-3.510389	1689.659874
2.173441	-7.356883	2.105428
2.514663	-3.072089	1430.710341
2.877886	-3.673856	919.343086
3.564004	-4.254398	671.662299
2.577661	-3.460570	914.535792
2.442844	-4.280455	234.685254
3.344743	-3.040872	2901.880905
1.352325	-4.533026	45.872335
3.903973	-2.162551	1594.943660
2.020427	-3.396485	551.690056
1.770761	-5.295077	25.570705
2.151732	-3.051250	1022.118773
1.115498	-4.911181	24.106568
2.180633	-4.000215	264.398750
0.539375	-1.718262	196.641516
0.462525	-3.722646	51.020619
1.961060	-2.730375	1182.968967
1.627136	-3.823826	169.911403
5.786336	-1.848198	1563.664595
0.839437	-3.382675	85.715446
1.272630	-3.867234	108.052025
1.695745	-4.484022	73.932936
1.153939	-3.472869	137.260535
1.465613	-3.224316	290.838421
3.548075	-6.290945	48.378832
0.786054	-4.793200	22.540445
1.136278	-4.191071	54.836903
4.494063	-2.707317	2344.263361
0.204812	-1.393935	259.669274
1.473981	-1.992217	1169.242719
1.558940	-2.822933	578.541632
2.620367	-5.024320	93.583025
1.288609	-2.439698	519.278396
3.480077	-7.778262	20.714285
0.537561	-7.822020	0.047990
6.880245	-2.104884	1859.090097
7.112806	-3.218395	2023.130388
4.743586	-2.351205	1590.575505
0.345483	-2.983469	71.423498
4.246693	-1.801031	1156.486622
4.507354	-0.995916	2357.950068
3.198931	-2.284473	2330.128236
3.275527	-0.326249	1230.713718
4.449623	-0.504116	1636.060613
2.689492	-1.154154	684.926017
1.945506	-1.916593	1875.471150
1.341281	-1.514074	1086.381347
2.086051	-0.809962	622.056075
2.017884	-1.504365	1251.277133
1.656231	-1.232861	949.908580
0.244792	-0.333333	9317.516227
2.936281	-1.533327	991.248641
1.719481	-0.874625	570.108626
3.659383	-0.594585	1002.525655
2.266603	-1.204353	746.553193
2.524545	-0.245869	1069.285568
1.559552	-0.498177	599.302020
1.849493	-0.187645	1378.316645
2.862572	-0.572118	902.276846
2.170914	-0.433514	966.903862
6.511231	-1.175063	2528.037273
5.253391	-0.891044	2479.213340
7.437034	-2.290716	1812.364066
7.528826	-0.954058	2397.562013
8.161520	-5.561961	100.563033
9.300530	-2.754815	2361.265650
6.205327	-0.261502	1018.911544
8.062153	-0.443317	2045.007215
5.830380	-0.453552	1065.140153
0.722395	-2.976831	97.996783
0.169304	-3.433198	55.571893
0.887653	-2.534627	172.272120
0.176178	-2.550271	78.272727
4.951694	-1.190793	2579.218269
5.679410	-0.916766	2010.743471
0.983809	-1.362127	767.530253
4.055731	-0.268336	1380.105936
1.178809	-0.310532	2421.198603
0.894038	-0.704467	1462.465746
5.500054	-0.192051	1148.659236
4.800142	-0.235780	1077.024541
5.974318	-1.333295	2235.697991
6.591269	-0.566483	1509.275795
6.995317	-0.304981	1281.357283
5.159570	-0.427830	1837.116538
3.215971	-5.628404	79.247844
3.929279	-5.543891	146.047917
2.517209	-5.491499	43.236218
1.990221	-6.106444	8.041058
0.250384	-6.430725	1.095538
3.845953	-6.596398	47.429205
3.658460	-7.012748	32.624465
2.353883	-6.485838	8.094782
2.752820	-6.345211	21.328694
1.231668	-6.265860	2.103345
2.165240	-6.860503	3.174106
1.293017	-5.339984	13.805753
1.708760	-7.490846	0.656166
1.639749	-6.338754	3.170877
0.972838	-6.643505	0.725668
1.034135	-5.805972	4.371598
1.146409	-7.002169	0.443348
0.516530	-6.751070	0.456579
0.204228	-7.488687	0.052901
1.732912	-6.764179	1.972569
0.894329	-7.265087	0.174579
8.401099	-2.832865	1783.157352
8.004266	-5.912843	48.644926
2.704234	-2.768650	2688.832013
3.514680	-2.032687	1525.846290
3.403321	-1.505616	950.729436
2.821257	-2.013189	2060.224193
4.629315	-1.926784	1208.468100
0.258775	-5.432548	6.427688
5.318997	-1.919697	1353.005581
7.291458	-3.700168	1755.761049
7.989287	-3.418417	1737.643628
6.685741	-4.229717	1237.676186
8.827818	-4.501484	663.588863
7.230411	-4.926307	458.177907
7.076774	-4.123721	1308.387538
7.312060	-5.711967	119.317262
8.119761	-4.812631	429.859654
7.581554	-6.012679	51.290909
8.082918	-6.962676	4.751886
7.200630	-6.723061	19.540009
7.777205	-7.235451	4.697581
7.113034	-7.536835	7.385263
7.331120	-7.151876	8.491739
8.237371	-6.259635	22.575567
8.764614	-5.172934	225.220154
10.967292	-3.797723	2631.776746
6.604970	-7.712311	13.142866
7.988503	-6.578800	13.331254
7.508064	-7.824524	4.179409
7.892452	-7.620411	2.923713
9.531672	-7.787716	0.234617
9.222312	-7.144646	1.051124
8.491271	-7.580877	1.004638
8.773550	-7.784990	0.488537
8.217721	-7.795887	1.526148
9.138555	-7.572706	0.376731
8.837751	-6.908678	2.309447
9.653622	-6.494549	7.096571
11.634587	-7.488008	8.857849
8.884191	-6.510284	7.705289
10.846783	-4.857408	614.845313
10.111289	-6.232511	16.784580
9.638672	-6.929950	2.007802
9.223569	-5.900853	31.595130
10.016934	-7.584380	0.532478
10.523160	-6.486070	11.620925
11.291390	-6.748291	21.245072
9.001039	-3.359434	2081.747510
10.045081	-5.779435	61.542579
9.119926	-5.085053	283.534063
8.001100	-4.076429	1327.142053
9.118178	-3.813440	1838.333353
7.753180	-3.716381	1662.509836
8.622566	-3.264180	1877.048178
7.858277	-4.452404	814.991150
8.354343	-3.542092	1732.183858
8.768730	-4.110680	1307.359650
8.507175	-2.043545	2164.695558
8.525198	-4.806425	409.228450
8.383368	-3.934585	1494.491739
8.604470	-5.518945	95.089406
9.179481	-4.679300	502.968297
8.810567	-5.844411	37.809833
9.527282	-5.631475	72.368971
10.116823	-5.024526	372.981739
9.555341	-3.884810	1936.737803
8.600722	-6.234218	18.437110
9.283701	-6.310852	11.734583
9.747268	-4.266706	1271.359672
9.640070	-3.232828	2691.802965
10.427977	-4.684240	711.903743
8.746790	-1.044697	4475.824002
10.216713	-3.492923	2942.555757
9.790907	-3.548695	2603.577045
9.544632	-4.609524	630.389847
10.499492	-3.849782	2462.612948
9.751823	-4.970553	364.779285
10.265612	-4.287449	1389.865713
9.449865	-5.252407	197.817804
10.332664	-5.454340	188.951139
11.154689	-6.070597	68.736621
11.133243	-5.654061	186.193034
10.786683	-5.390377	284.276739
11.210379	-3.340892	2914.984742
12.308293	-5.689818	261.294686
11.745467	-3.425703	2268.189518
10.248259	-3.075115	3278.118789
9.287366	-3.114937	2405.414224
9.876467	-2.947258	2919.850691
9.803135	-2.364709	2684.621884
9.931030	-0.202091	4599.647160
7.716556	-0.200370	3093.006841
12.252864	-4.177460	1454.655382
11.337054	-2.466531	2992.506876
7.978065	-0.892023	2162.152272
7.368123	-0.505351	2604.192990
8.273754	-1.207278	2970.959911
9.068397	-1.383238	3469.331821
8.160117	-1.758743	2364.644873
8.423722	-0.242946	4677.819313
10.317280	-0.465077	5566.756211
9.749644	-1.723933	2831.548005
9.751572	-0.949979	4154.206828
11.023905	-2.906807	3386.120916
8.812671	-0.529072	5542.184218
3.102475	-6.584459	28.922044
2.555303	-7.655426	5.086747
3.035381	-7.433688	13.507266
0.961517	-7.611409	0.104321
0.470374	-7.142365	0.145435
1.423956	-7.789389	0.205992
1.498402	-7.049948	0.801695
0.179823	-4.513422	20.915039
0.438599	-4.945971	14.289234
10.932416	-6.385566	25.586080
11.259746	-7.093882	9.104543
15.126409	-5.909868	426.697696
11.960058	-6.698458	51.307674
11.331259	-4.168854	1885.887796
11.824286	-3.919152	1972.043084
11.719213	-4.969270	724.792751
14.059458	-4.505161	1244.999806
12.036960	-3.065360	1794.189394
10.549347	-2.799328	3594.286036
12.209708	-4.752694	995.698542
13.711228	-4.130774	1111.867836
11.815020	-2.540273	2210.598000
10.674622	-2.035564	3491.782920
12.776696	-3.929517	1240.440929
13.935892	-2.534119	1570.546585
13.117992	-2.737136	1135.916381
14.736908	-5.137633	1270.083290
12.696692	-2.705675	1287.518283
11.099679	-2.028508	3377.948051
12.443022	-0.531687	6546.268325
9.548204	-2.066908	2532.845582
12.269017	-0.941173	6447.712589
10.667499	-0.262987	7331.091801
10.437439	-2.366107	3419.406792
10.524037	-1.273494	3953.119354
10.403050	-1.686374	3526.764805
10.103869	-2.235838	3030.495996
10.082077	-1.818312	3035.826264
9.217620	-2.119733	2308.713875
9.704543	-2.665255	2652.640749
8.942419	-1.830621	2584.842567
8.601596	-2.496768	1887.101379
11.632820	-1.498666	3183.334104
11.166451	-0.896890	2800.996219
9.201448	-0.286125	4951.998278
10.238456	-0.926840	4707.357554
9.585604	-0.488216	5121.139247
11.643215	-5.446625	312.961136
11.065571	-0.476521	3292.664873
11.269342	-4.643737	1010.564605
12.540901	-5.979800	210.217523
13.214510	-4.280947	1153.113676
12.597355	-5.481398	393.324622
11.770678	-0.405899	4054.728316
12.474342	-6.294001	120.724781
13.124657	-4.850353	959.825696
12.643688	-5.074157	774.384071
13.518538	-5.124660	851.875811
13.572467	-5.627888	518.821678
13.956621	-4.929643	1047.891570
12.814905	-6.633419	93.339495
12.402378	-1.372395	5994.499488
15.620825	-4.631313	2160.509586
15.651733	-5.197697	1616.910133
13.018555	-0.154419	3076.091475
12.893103	-7.466296	34.577036
13.227705	-5.909349	279.798403
11.252602	-1.637924	3361.061649
14.803546	-4.681820	1590.627637
14.092630	-5.715742	538.239181
13.688641	-3.241994	794.783574
14.576760	-2.570243	1447.120665
13.988741	-1.074870	8024.622800
3.835358	-7.446708	31.060174
3.191816	-6.999728	23.387221
11.967173	-5.736803	210.493118
10.886120	-7.612045	2.348469
14.530964	-6.743294	117.410338
12.829963	-5.771381	287.788419
11.853446	-6.102048	108.586608
12.128008	-6.369264	87.937803
11.550934	-6.228406	67.988307
11.603900	-6.610127	42.061943
12.051257	-7.456072	19.588456
12.173250	-7.014193	36.318744
14.148280	-6.505337	148.973323
12.681762	-7.024417	48.391091
13.408909	-7.682850	37.605664
12.484194	-7.783446	24.798995
13.279205	-6.457187	138.195102
11.413697	-0.213534	7932.886762
10.948532	-1.232100	3432.280480
12.132626	-2.177093	2312.755946
11.585364	-1.043389	2917.773348
11.841465	-0.815385	3889.580671
12.865014	-0.493741	2495.211949
12.022280	-1.701884	3442.682516
12.868854	-1.577617	5239.671836
12.106980	-0.192365	5321.650370
12.565699	-2.320605	1815.694116
12.921829	-2.050618	2494.217939
12.485558	-3.087249	1260.337104
13.278713	-2.343188	1752.353672
12.835020	-3.434828	1040.089053
13.259570	-3.157087	863.984023
13.988092	-2.897035	969.615622
13.508139	-0.154419	3562.297969
14.621669	-3.257045	838.888086
14.615838	-0.477514	5045.834254
14.629307	-3.995996	1212.722226
13.901143	-3.679009	873.590284
14.301828	-5.273848	950.949023
14.471302	-4.393553	1403.180359
14.734518	-6.110891	276.611333
15.168408	-5.459296	1076.327130
16.448544	-4.597418	2405.339352
15.876754	-2.726092	1204.209804
16.738917	-2.201228	2644.301635
15.014641	-2.429438	1745.686694
10.844612	-7.217920	4.219867
11.400857	-7.815381	4.262840
10.466999	-6.972832	3.941715
10.485262	-7.796664	0.858311
13.227646	-0.858357	3060.249462
13.876492	-1.839846	4731.702108
14.414885	-2.935257	965.603662
14.300946	-2.346512	2059.864761
14.407377	-3.655839	924.360648
15.313797	-1.202622	6294.006882
14.306717	-1.953687	4217.036896
13.643109	-2.261511	2235.675647
15.091017	-2.004607	4434.325469
14.472489	-0.972005	8524.382894
15.093789	-4.004765	1362.216953
15.344183	-3.631599	1069.490455
15.093993	-3.224036	902.101238
16.090694	-3.159982	1028.099931
15.204138	-4.437099	1818.996523
15.325090	-2.761442	1109.022900
16.072530	-3.928723	1603.381740
15.789220	-3.602895	1161.540607
16.814631	-3.969481	1843.016360
16.528122	-3.285271	1057.064002
16.191704	-5.420863	1294.561559
13.814055	-0.370181	5511.496452
16.960239	-3.092031	1029.684757
16.152644	-2.285200	2798.120048
14.658906	-1.752587	6005.699323
15.490553	-1.687382	6164.700477
16.069112	-0.360263	3714.463111
14.782590	-1.285789	8085.459542
15.776251	-0.172405	5518.127456
15.044297	-0.261751	5099.945695
15.469255	-7.791022	33.746222
15.938777	-1.777496	5284.856067
15.541738	-0.845480	4240.230587
15.453670	-6.243836	242.567090
13.230729	-1.318647	5820.800620
16.034893	-4.376256	2266.670678
22.690425	-2.349966	1776.078967
19.619142	-2.221124	917.299162
15.880355	-7.543886	37.278556
16.792333	-4.366742	2304.906826
14.259041	-0.215762	3929.597345
16.552768	-6.916030	72.043506
13.687104	-0.734797	4608.692691
13.730504	-1.473815	7227.558425
16.508478	-3.752624	1474.021156
17.214941	-3.842805	1680.694512
16.574447	-5.075641	1978.164501
18.770391	-0.188981	1951.497808
17.099075	-2.568728	1314.903165
16.859056	-1.635453	5659.364275
17.657366	-2.455590	1152.448673
16.371879	-1.384237	5681.249883
17.264275	-1.421202	5019.036933
16.449111	-0.187859	4325.093048
18.592393	-2.348868	948.908686
17.822441	-0.868045	3935.123112
16.334872	-0.952435	3882.235362
17.113504	-0.528242	3570.611513
15.398673	-0.434156	5350.202404
15.967386	-0.771587	3474.656369
17.702501	-1.608136	4723.941277
16.681390	-0.541111	4099.384804
18.012763	-1.233241	5310.485372
18.619388	-1.624710	3697.672650
19.229936	-0.432078	3103.653292
17.370809	-0.174990	3102.656130
17.359008	-0.933653	3774.161426
17.082627	-4.522617	2287.259063
18.066521	-0.462635	3380.340380
19.677169	-4.437448	2009.734535
14.298966	-6.067437	285.202037
15.195656	-6.602024	146.791820
13.722088	-6.725506	100.940563
14.825924	-6.507871	167.887618
14.595217	-7.095320	66.688730
17.506347	-7.807046	20.178207
13.802462	-7.343617	52.628481
14.292907	-7.475473	48.346150
19.298387	-4.645351	1730.302560
15.309733	-6.967702	78.669873
14.566021	-7.814707	39.082172
19.069364	-1.663731	3337.440196
15.035276	-7.605729	40.022065
15.004254	-7.225575	57.415654
17.142095	-5.990966	299.726430
17.199926	-7.485041	28.755714
15.900746	-6.303664	220.120915
16.400683	-7.752864	31.220473
16.299730	-5.944766	435.950174
17.925629	-7.155918	29.689931
16.084855	-6.794870	97.359837
16.772998	-6.139633	254.644110
17.469440	-6.356566	179.151782
17.235116	-5.355212	1221.733268
20.109775	-6.978852	16.493311
17.130965	-4.806847	2066.574121
17.474837	-7.048578	41.239385
17.538369	-5.097121	1507.878122
19.731156	-7.573075	9.302094
17.851083	-6.210495	203.247303
18.300048	-6.901772	39.835322
18.644206	-3.901978	1868.011105
17.973635	-7.592381	18.516718
17.304167	-6.698057	93.497631
17.860392	-0.174990	4036.675812
18.105422	-3.810390	1736.584367
19.344102	-5.732005	312.550539
19.668072	-7.110942	15.592278
18.404788	-7.785334	13.163094
18.682148	-6.193925	143.502600
18.847912	-7.564871	12.791045
18.791177	-7.117771	23.433112
19.349374	-7.779536	9.131911
19.229554	-6.870304	29.498442
20.901255	-5.189467	555.152676
20.956382	-7.374688	8.343573
19.162160	-6.421338	83.008590
18.258413	-6.426891	104.753845
19.933625	-6.172915	104.245702
21.363222	-7.727242	5.689631
18.478560	-4.801402	1570.145401
21.807260	-7.500594	6.467409
19.905916	-5.405513	421.720550
19.493459	-6.126618	139.149196
20.256782	-7.793539	7.431292
17.849230	-3.351559	1115.954489
20.126133	-5.791926	211.344241
19.016072	-5.636704	429.717095
21.058779	-6.820494	18.835279
19.882032	-1.343722	4065.508294
21.235091	-5.464840	332.309390
20.192544	-5.099647	682.015587
22.732953	-5.383518	301.797567
20.443121	-4.389881	2218.692417
20.123437	-4.705137	1598.184426
18.967709	-5.276404	715.577409
22.593795	-7.421063	7.151815
21.204487	-5.873283	131.865191
21.465723	-4.841369	1079.191375
19.549491	-2.664234	797.882841
19.528608	-3.548145	1590.102245
18.844575	-3.002364	801.294903
20.844329	-4.459780	2132.819577
19.777677	-3.954863	2224.310371
21.538177	-6.664363	23.283966
20.308154	-1.003599	3246.916643
19.792936	-3.041652	1101.417821
18.464176	-2.785938	738.907503
20.503340	-3.580055	2305.342557
21.168011	-2.815585	1370.253289
17.340906	-3.432708	1179.335886
18.993609	-3.478303	1376.067391
17.342011	-4.389061	2215.056965
18.079096	-4.770977	1729.095720
17.834185	-4.155243	2047.680340
18.810384	-4.434222	1941.516915
16.966575	-5.129194	1804.769410
17.544395	-4.598316	2127.354490
17.320110	-5.676894	568.289162
17.428301	-4.830257	1934.677807
17.798197	-5.789411	450.268848
18.685417	-5.803904	345.290875
17.870527	-5.134105	1302.348745
18.045361	-5.504713	744.044578
17.863031	-4.502051	2047.552698
17.452028	-4.106510	2051.750696
18.640334	-5.184956	917.207706
18.415704	-5.525139	629.752951
19.564052	-5.391888	496.452515
19.293938	-5.103979	870.702893
16.841928	-6.619690	118.449470
16.740096	-7.430859	36.220930
18.662039	-0.893525	4670.638782
18.486937	-0.476625	2548.327995
19.160246	-0.848977	5213.900140
18.431945	-1.244731	5455.105670
19.380128	-1.239204	5133.419453
19.984031	-1.945424	1243.527933
19.553294	-0.243097	1561.354805
18.380341	-2.013701	1911.950337
18.968455	-2.340094	861.473202
20.290144	-3.082990	1350.342512
20.894786	-1.740373	1644.060853
17.882637	-2.008616	2296.240535
20.042878	-0.243097	2329.264104
18.026853	-2.897745	804.439291
20.220972	-6.562180	40.134033
20.495776	-7.440985	8.871492
21.943975	-5.410816	318.184116
22.358527	-6.106636	75.262245
20.709370	-6.470119	41.112927
23.564262	-6.210630	55.183575
22.518035	-6.542959	32.038937
21.590815	-6.164809	69.743149
22.996935	-7.447152	6.937269
21.879818	-6.991909	11.715631
23.184742	-6.709988	21.884246
23.302620	-5.962868	88.089977
22.701755	-5.840498	117.015834
22.256538	-7.773352	5.626909
22.343436	-6.912378	13.116366
24.977547	-6.618481	15.859043
25.838418	-6.503669	13.777564
22.344616	-5.130081	541.162651
21.989084	-5.930392	116.421887
24.477215	-6.027246	64.473089
21.730940	-3.940219	3318.740247
21.970871	-4.511996	2251.093740
21.640513	-4.559866	2012.837789
22.344061	-4.021846	3506.364609
21.467056	-4.185762	2880.097708
23.453246	-5.575619	173.631515
21.524962	-2.424011	1295.738427
21.105879	-4.105101	2838.883296
21.030716	-4.821944	1130.943150
20.952810	-3.669821	2773.255636
20.255201	-3.945435	2473.560773
20.574761	-5.308982	440.626535
21.576310	-5.236791	487.374373
21.707365	-3.509720	3221.108076
21.290413	-3.319984	2519.044989
20.506548	-5.733535	211.991740
20.802439	-6.022462	103.979952
22.176624	-2.911020	2142.155713
20.617213	-2.668357	1133.267832
25.451665	-6.829129	8.851051
23.305512	-7.799441	5.424541
25.444174	-5.755062	83.119775
23.746937	-7.527649	5.701091
23.177103	-3.829596	4433.273054
20.365523	-0.482181	1461.594952
21.970716	-2.512642	1486.325057
20.480557	-2.126120	1114.349187
23.810322	-6.819671	17.283143
22.895943	-3.070542	3164.246290
22.324204	-2.139615	1688.380250
24.161634	-6.682161	20.109570
22.308138	-0.478110	1674.300519
22.268913	-1.636488	2772.516962
21.388393	-1.891036	1778.418494
21.778856	-1.476540	2700.902432
22.664660	-0.794431	2476.404192
21.614873	-0.208984	733.751885
22.678779	-1.280730	2985.270407
20.885145	-0.239084	1281.905983
20.824383	-1.219554	3243.255506
21.660616	-1.013444	3048.227699
24.564961	-6.929821	11.107146
21.203143	-0.448068	1335.389263
21.199750	-0.907121	2946.869057
21.908801	-0.554392	1703.047862
24.446673	-3.608826	3906.971741
24.191425	-7.728207	4.329053
24.177157	-6.227164	44.959245
24.626346	-7.448806	4.841916
25.097184	-5.818088	84.304635
25.153671	-7.720599	3.354708
25.566404	-7.412261	3.640977
25.781410	-6.022000	41.419403
23.608654	-3.644202	4735.230918
19.206379	-2.043949	1216.607007
19.136129	-2.694787	740.561843
22.312914	-4.703090	1591.777690
24.933964	-5.016662	367.819787
23.037971	-2.228368	1966.019973
26.050354	-4.220589	1068.093937
26.679978	-6.312905	14.100969
26.328660	-6.691555	7.758870
29.008889	-6.687309	3.940826
26.100233	-7.691662	2.387849
27.861451	-0.785827	2620.484329
26.475736	-7.296416	2.651724
26.140248	-5.726468	62.242212
27.272001	-7.734950	0.662522
27.456807	-6.048971	17.131177
25.995552	-5.315571	141.974909
24.152558	-4.992113	648.882597
26.548574	-5.829487	41.050023
25.590056	-5.322436	161.866545
27.907738	-6.252568	11.002277
31.599421	-5.857269	124.464265
25.357301	-4.933190	352.158986
24.819729	-5.468935	162.987146
23.684597	-2.335300	2507.465918
27.753435	-5.259106	94.744828
26.215463	-4.933321	271.391896
26.716481	-4.950231	224.597006
24.469323	-5.613945	135.920211
24.874279	-6.170903	44.211166
25.312676	-3.883059	2556.751073
24.800901	-3.964242	3008.211030
24.121396	-5.397428	234.888068
23.002939	-6.072862	71.730357
24.566843	-4.358210	1930.360346
23.031851	-4.325563	2804.254766
23.865194	-6.040088	70.749854
23.817325	-5.623653	143.554149
22.924410	-6.495396	36.331536
23.230072	-7.065677	11.101148
23.657157	-7.146174	9.999134
23.524913	-6.535216	27.249807
25.597687	-4.213592	1301.974841
23.654944	-1.946430	2447.774223
28.912424	-6.115037	17.650838
27.113081	-6.402949	9.333696
23.140693	-1.456075	2374.701091
24.468343	-3.172955	3560.569588
23.184762	-5.228633	412.718535
23.355469	-4.731342	1248.891204
23.284083	-2.909706	3155.567960
22.816090	-3.505503	4247.712401
23.988080	-3.862782	3981.508561
26.904896	-5.435499	77.699915
23.336804	-2.518990	2421.743695
22.601117	-2.801423	2228.494579
22.423494	-3.641241	3993.994553
22.591407	-4.382076	2685.976200
23.839578	-4.652284	1323.028569
26.062836	-3.210547	2089.401113
23.521793	-1.106627	2090.211442
24.036878	-2.941983	3533.194741
23.878179	-0.269553	1634.227871
23.236145	-1.866690	2152.128564
22.078853	-3.315876	3250.616773
22.022996	-4.126981	3162.053394
27.463317	-4.499384	475.825218
24.032973	-2.508726	2842.357392
26.034543	-2.692493	1799.916332
27.380026	-5.564939	50.481460
24.614720	-4.756357	799.543545
24.365358	-1.820967	3015.907583
24.061615	-4.265347	2306.480173
26.972049	-4.559993	477.351817
24.434831	-2.236327	2734.508600
24.843328	-2.924042	2869.130289
22.993376	-0.132702	1091.130041
23.896147	-1.275308	2627.774558
24.813721	-2.420670	2522.250972
23.933846	-1.704496	2774.714211
24.297687	-1.043456	2681.634039
24.657381	-0.288900	1693.961591
24.617278	-1.411126	3297.144685
25.419157	-1.818873	2558.392042
23.500326	-0.585875	1357.336110
25.112405	-0.461650	2601.330613
25.512684	-3.391093	2534.483370
25.261790	-3.019128	2487.067357
26.788999	-4.142956	928.740401
25.551782	-2.615529	2068.818059
28.577466	-3.204617	1698.480222
25.275532	-2.257304	2245.785420
26.000749	-1.260675	2907.714970
25.913357	-0.172749	2455.012145
25.069586	-1.370778	3148.101388
24.301186	-0.558454	1573.533237
26.438153	-0.635708	2990.537105
26.314028	-2.399725	1592.967392
25.895302	-1.697894	2322.831971
25.771442	-0.917180	3115.012396
29.929281	-3.833110	1706.628923
26.057007	-0.472526	2659.596191
27.981082	-2.510420	1594.882238
27.490351	-0.194482	2723.591725
27.001671	-7.339703	1.560557
27.287698	-6.824886	3.531956
29.507812	-6.922512	3.391855
27.804260	-6.736743	3.482143
28.150070	-7.800024	0.435908
29.065171	-7.748046	0.759443
28.544807	-7.064681	1.307785
30.312743	-7.341211	5.470052
28.043303	-7.051585	1.248130
29.487410	-7.499860	1.704518
30.760662	-7.346745	10.495587
31.189046	-5.963398	80.171480
30.831259	-5.703517	105.527355
30.765092	-5.275132	247.042541
31.078490	-7.757349	11.970884
30.010229	-6.763862	7.305438
31.563974	-7.491309	15.834021
29.984738	-7.751814	2.631675
32.867639	-6.609202	52.784786
31.956127	-6.667190	39.631171
31.072603	-6.814851	20.579720
31.973376	-6.184181	86.706260
33.309677	-6.800540	43.954919
31.552999	-6.959415	22.757108
32.430173	-6.913198	34.112462
32.730486	-5.092553	505.938749
31.985484	-7.733961	16.580514
31.531292	-3.798005	3073.801968
32.448555	-7.448074	21.211978
32.426095	-5.912683	135.250984
32.931821	-7.714113	20.649579
33.355477	-7.370575	26.422664
32.359474	-5.440492	267.585969
31.667250	-4.910533	607.685409
32.846312	-6.091697	107.778515
31.848311	-5.382096	276.508061
33.325439	-5.763472	181.006950
33.276234	-5.236519	420.213028
33.721655	-6.500633	67.502970
34.552439	-4.489322	818.093443
33.687272	-4.855258	726.222720
32.881811	-3.662947	1824.620778
32.067413	-4.466941	1256.752096
31.132608	-4.846295	588.138042
33.758745	-5.981070	131.416380
35.676750	-1.190972	1619.573294
32.619486	-4.590565	1041.544002
33.565624	-4.298029	1109.037092
34.261633	-4.920055	652.662508
33.929986	-3.997808	918.961504
36.560279	-5.622949	271.930462
40.736238	-0.309504	691.567797
30.514953	-5.955955	58.498614
30.171014	-6.402698	23.765818
33.043586	-4.177302	1444.052268
31.971476	-3.995233	2405.087777
31.618378	-3.255252	3771.747438
31.133524	-3.967051	2315.283360
31.232818	-2.503107	2755.011424
30.946237	-4.398353	1189.589703
33.266337	-3.189242	1044.546836
30.740403	-3.691801	2667.244313
33.001539	-2.675615	955.195076
29.674488	-1.455550	2460.635400
30.366475	-3.944101	1781.824583
28.575759	-5.024530	149.144038
32.116871	-3.146517	2919.549409
27.983266	-3.804384	989.990942
30.752021	-3.254440	3688.796037
30.464114	-4.368657	1087.778377
32.361774	-3.604502	2618.922406
32.960879	-1.704665	735.692960
33.991048	-1.529618	927.625289
30.940637	-6.414582	39.398706
28.450083	-2.453935	1858.069427
34.137015	-2.894473	362.585524
32.937380	-0.857743	1864.127711
30.120081	-6.021527	50.019736
28.631782	-2.037134	2063.333303
27.147968	-0.958813	2887.866949
31.232228	-2.986936	3941.649259
29.832378	-3.339912	2531.719184
26.983039	-1.322388	2264.737311
30.281190	-3.013542	3396.070381
29.383425	-3.197445	2207.655102
28.921068	-3.973598	968.628571
30.114845	-4.694560	550.351492
30.229452	-5.153093	234.675290
29.256272	-4.217070	739.205111
28.242062	-5.433730	69.494612
29.900748	-5.647050	91.120047
30.565886	-6.337126	37.866178
29.094778	-1.966246	2430.018277
28.098938	-3.327449	1430.524632
27.721700	-2.172358	1482.824575
28.420540	-4.161455	681.575805
28.962322	-3.493694	1592.674516
27.770670	-2.962063	1540.314146
27.151931	-3.799715	1104.387992
28.298957	-4.615890	296.783936
29.344198	-4.653964	419.815393
27.546807	-3.982736	846.797154
26.955834	-3.362000	1513.038679
26.411885	-3.465879	1708.111882
26.361034	-4.000241	1279.544042
27.778192	-4.775466	241.406680
28.319584	-5.943161	23.484068
29.352799	-5.614599	62.940817
29.093657	-5.033522	160.471835
29.745403	-4.562081	609.030382
29.657477	-4.125187	937.187011
25.557127	-4.609450	661.875717
26.009794	-4.616447	592.965286
23.105106	-0.449024	2037.111280
22.503793	-0.132702	910.050627
25.423774	-0.172749	3033.068439
25.316423	-0.906304	3215.992909
26.388109	-1.151952	2739.839694
27.575486	-1.040491	2546.027800
26.810611	-1.999414	1552.414922
27.607287	-1.464813	1816.947127
28.558538	-0.427698	2835.102949
28.568670	-1.211638	2696.396269
26.642797	-1.410233	2311.850769
27.893153	-1.735941	1651.146975
26.570550	-1.776980	1826.563518
27.231521	-1.605261	1770.984944
26.210414	-1.955919	1852.446668
27.131342	-1.915539	1513.987459
26.710635	-2.401406	1472.679413
27.214581	-2.965245	1514.325837
27.335653	-2.211508	1413.618167
27.038947	-2.552752	1420.728625
26.857770	-0.530414	3625.934429
28.334235	-1.657203	2074.307218
28.718199	-2.782746	1964.126615
29.215768	-2.749040	2294.196836
30.307346	-2.499172	2966.263900
29.410648	-2.349342	2503.981303
29.025803	-1.207803	3047.199713
29.254363	-1.582480	2610.580087
28.237621	-0.173735	3778.743660
31.553652	-0.603973	1909.229723
29.726476	-0.214199	4073.357960
30.007333	-1.698212	2222.597676
29.320295	-0.881935	2979.368732
30.435285	-0.195958	3597.139189
29.313018	-0.468161	2974.895915
29.721278	-1.041110	2511.194602
30.503870	-1.418117	1829.221617
30.778766	-2.256241	2357.699829
30.746924	-0.544503	2102.571949
30.039911	-0.823294	2508.926361
31.372496	-1.589785	1225.031459
30.052386	-0.410157	2606.803989
30.489657	-0.957640	2113.597881
27.000767	-0.194482	3030.433097
27.821722	-0.368218	2651.502327
28.961541	-0.253963	2348.318421
28.353475	-0.845307	2992.902461
31.610239	-2.144543	1688.292558
30.871036	-1.685210	1495.062783
32.116307	-2.197020	1404.614076
31.155389	-0.348544	3242.780313
32.372111	-2.691334	1692.266469
33.275017	-2.168763	523.019114
31.660860	-1.164984	1404.369907
32.431598	-1.717203	976.966471
34.461411	-0.452845	1061.329650
33.051874	-0.434259	1898.109997
32.213894	-1.239924	1201.924350
31.976388	-0.255429	2208.137388
34.417211	-1.254551	1349.527868
33.858957	-2.044059	385.477046
32.686891	-0.186078	1165.006024
35.068854	-2.644234	251.633853
37.088054	-1.748583	1063.805145
33.645707	-1.169794	1251.809781
33.199478	-1.220137	1338.105231
33.850685	-0.800762	1239.850120
34.996078	-1.863104	661.975200
34.133134	-0.179440	1129.137246
32.350780	-0.441507	1393.339858
33.411857	-0.248180	1128.669298
32.481078	-0.864992	1644.361732
36.592547	-2.371018	451.428572
35.253456	-1.023419	1540.180491
33.763741	-0.427620	1119.347817
34.843902	-0.273405	888.458391
34.303564	-0.825987	1252.933474
36.745216	-0.491735	870.325790
36.358920	-0.237499	593.642521
34.857087	-1.388478	1364.967861
35.824024	-1.678753	1318.640580
34.744760	-2.268643	298.316767
34.342440	-4.124304	826.136758
35.622318	-0.242945	809.431669
34.232345	-2.408194	266.378063
35.557735	-2.462353	295.846091
36.273037	-1.658896	1357.454377
37.160177	-1.294802	1602.441226
33.763111	-3.228202	636.073857
35.996862	-0.480445	884.161704
34.521475	-3.165353	360.754829
35.539721	-1.985826	650.080477
36.741883	-0.978946	1256.104374
36.176075	-3.590412	357.077390
35.876570	-2.753321	252.123705
36.014058	-0.921403	1317.989393
36.372782	-1.165669	1419.082016
36.570015	-1.925955	953.271507
37.105046	-0.254236	786.494966
33.963031	-3.610078	693.065746
34.400745	-3.522204	546.976458
35.965471	-4.482779	727.878834
37.649629	-3.299706	358.457747
35.728326	-3.343945	292.335361
37.515975	-0.503943	737.687857
36.952309	-3.212043	316.081425
35.281534	-3.463407	342.446970
35.354256	-5.205676	449.891077
37.557649	-4.921828	498.138983
37.574439	-1.057298	1640.528875
38.893957	-1.980408	547.217672
37.864053	-0.249708	260.998410
36.330102	-2.702001	283.839627
37.326970	-2.097452	596.961192
27.797071	-7.534974	0.598756
28.621491	-7.548070	0.640110
34.727817	-7.299735	29.397187
34.731931	-6.692433	57.561868
34.589387	-3.800752	648.463611
34.940898	-3.054664	284.485214
35.076212	-4.328657	781.686691
35.050753	-3.852643	573.845143
35.282513	-6.187051	127.695827
36.575311	-6.904348	46.464505
40.434609	-2.631402	515.849566
38.334734	-0.497460	3240.016930
37.998772	-1.249582	1949.410943
38.902972	-0.247752	591.104668
38.653887	-2.357892	418.992618
39.279720	-2.017969	484.263051
38.291473	-2.352556	431.029757
39.440530	-0.516504	900.820255
39.280046	-1.037621	919.523793
38.410989	-0.943980	2584.452361
38.818743	-1.215389	1267.633966
37.990645	-3.356237	389.006870
40.006677	-2.691174	454.465302
39.663368	-1.318749	899.881255
39.949016	-0.268752	1094.904464
39.844297	-3.043542	499.804843
40.916048	-1.443078	1325.398221
40.169465	-1.107136	1046.556016
40.294629	-0.578256	844.862761
41.351890	-2.216921	737.284046
39.430026	-2.406630	409.008019
40.450551	-1.438630	1120.591942
38.607442	-3.070946	378.007078
39.444274	-3.096034	460.559958
35.779714	-5.504123	327.976021
34.050488	-7.792318	22.125609
34.196013	-5.788577	185.268464
34.551358	-7.044522	39.055530
34.446153	-5.342180	352.666301
34.528829	-6.091909	135.963140
34.941888	-5.441537	317.733750
34.086383	-6.663002	56.848789
35.153806	-6.610664	66.904082
35.292433	-7.633539	24.352188
39.256536	-5.792874	115.356378
34.933178	-5.913958	177.807595
35.716681	-6.013077	171.352773
36.521633	-7.411228	28.095297
36.218363	-5.329518	396.771535
35.396873	-6.956426	42.508583
36.968727	-5.483399	304.728296
36.751697	-4.740435	629.512164
35.451414	-4.624103	739.064607
36.105545	-6.269941	116.223015
37.135884	-6.105079	123.484644
36.873239	-6.677553	63.367822
39.774825	-4.129794	695.829690
37.825779	-5.331215	299.134092
37.071545	-5.040656	491.029372
39.409592	-4.410386	635.906724
37.230081	-4.009417	604.757364
37.681232	-4.388844	654.337126
36.268801	-4.044564	608.126084
38.159023	-4.192411	644.690241
38.236416	-3.689160	495.280625
36.306963	-4.889747	613.542612
36.786650	-4.242180	664.387398
38.661442	-3.494880	472.421075
38.100974	-2.676192	370.227577
39.365428	-3.503542	564.467939
39.235041	-2.769203	382.660557
39.024517	-4.214300	654.827562
39.996655	-4.910899	411.132289
39.009624	-3.705926	576.340091
40.389466	-3.445907	745.376199
38.598942	-4.506505	615.594140
39.745555	-3.731324	659.640503
40.144638	-4.401684	667.825129
36.127648	-6.703725	59.592157
38.290887	-5.396053	248.715159
39.186644	-5.235799	284.856820
40.023555	-3.427656	643.480376
40.638140	-3.002021	680.349523
38.650948	-5.042183	371.803555
39.519712	-4.896207	443.464484
40.276568	-1.896907	640.634667
39.599331	-1.753533	586.499133
43.647644	-3.003309	3463.143192
40.481140	-4.234371	783.464095
39.801639	-2.381093	430.374151
39.931445	-2.000197	520.601416
39.580171	-7.796400	5.948044
40.842933	-4.415039	698.054256
38.680611	-1.633611	866.453693
38.844666	-2.758026	367.065357
38.165184	-1.665849	976.732797
37.757944	-2.613672	377.406274
38.016116	-2.007311	585.415578
37.674358	-2.177416	498.403002
37.542118	-2.875397	336.128464
38.226164	-2.994448	361.830933
37.174476	-2.818061	331.647999
37.276204	-3.540158	397.203765
37.042913	-2.476371	425.541308
36.558302	-3.201337	294.065021
41.346729	-2.749435	866.095951
40.575513	-3.783597	870.483763
33.828311	-7.448780	26.111349
34.545876	-7.639866	23.408523
34.456288	-6.446771	75.527842
34.147239	-7.041114	37.691671
34.901638	-7.847547	22.175116
36.886383	-7.711188	19.991673
38.171570	-7.448257	13.896948
35.151457	-7.293408	30.378408
36.510494	-6.054418	150.684036
35.765795	-7.785992	24.104678
38.404406	-5.876502	117.644488
38.834360	-6.079707	79.498013
38.062483	-6.208566	81.180245
38.934338	-7.796400	6.645723
39.006455	-6.928856	16.269706
41.481804	-4.842817	407.386013
37.426576	-6.333645	90.225737
38.733537	-6.555727	36.537524
37.359575	-7.491881	18.549428
38.223328	-6.614444	40.857339
38.674383	-7.463965	10.153929
40.491333	-6.025726	58.455350
41.301477	-5.974862	49.582188
37.993432	-6.971865	24.051859
39.556695	-6.900439	13.956584
40.779107	-7.731862	4.035641
39.870457	-7.435548	7.123550
37.504354	-7.015489	27.753491
40.364960	-6.459895	26.352094
37.785692	-7.780693	14.066683
40.239377	-5.263925	201.682688
41.416146	-4.011509	962.617495
41.739211	-5.190439	201.279999
41.126546	-3.465138	1007.721800
41.005834	-4.856080	400.267126
41.657733	-4.326524	752.284313
40.881219	-5.772690	82.059976
41.300956	-7.450162	3.693740
43.353420	-4.602598	521.469046
42.252797	-3.092783	1601.260840
35.818931	-6.996596	40.751281
37.287256	-6.708040	53.191505
36.046878	-7.486031	28.705530
37.718433	-6.122087	111.624497
36.830525	-6.261407	105.964037
37.595248	-5.725186	189.330615
37.224300	-5.758541	195.582359
39.699121	-5.980048	67.484482
40.756204	-5.253168	192.875615
40.641862	-6.813039	11.755664
41.355310	-7.028853	7.405891
40.106626	-5.720136	92.538512
39.832895	-6.482757	28.611650
40.423559	-7.371009	6.245515
42.972612	-7.429601	3.344528
42.291686	-7.025032	4.955423
41.051764	-6.752582	11.235210
41.631871	-6.704142	10.872201
41.328325	-6.427871	17.841027
43.422952	-7.397934	4.168304
43.449237	-6.455598	13.462092
42.582357	-3.657987	1753.610406
41.683163	-1.057522	1729.906117
42.202734	-5.094763	224.679354
43.788743	-6.109962	26.399161
41.683955	-5.688347	84.155971
42.801840	-5.615707	81.737094
43.007612	-6.469033	12.408612
42.754514	-6.110693	29.373137
42.381022	-5.475039	103.756537
43.189919	-3.613219	2084.282524
43.649937	-4.812542	350.162335
42.754192	-4.576016	606.896567
45.039556	-1.175920	6268.405804
41.799083	-1.979215	918.633978
42.021219	-6.650443	10.555071
42.081078	-5.852185	61.045829
43.016933	-4.861561	388.216650
43.453365	-3.917779	1671.209709
42.567476	-2.172156	1210.854080
41.948568	-1.441805	1334.656586
42.885562	-2.937887	2260.124298
41.479750	-0.228017	1182.657115
42.156345	-2.348611	1051.104174
43.344957	-1.734502	1213.736567
41.692583	-2.943187	1129.232245
42.912725	-4.200596	1022.950690
43.616554	-1.354508	1122.118794
42.966710	-0.246137	2288.370098
44.802505	-0.422121	3752.667890
42.648633	-1.722077	1189.109294
41.090988	-0.537520	1919.297968
43.824945	-5.642492	77.644208
43.289590	-4.259771	996.051993
43.090601	-5.323600	175.881517
43.358196	-2.184855	1894.567190
44.614265	-6.183756	23.622699
44.053324	-1.330642	1369.259120
42.584997	-0.542314	1755.281200
42.914969	-2.461871	1710.281729
40.574694	-2.218031	569.679806
41.029129	-3.054248	839.552047
40.921605	-3.750601	954.484636
42.055005	-2.780067	1243.135272
41.077316	-4.086759	898.731406
41.465237	-3.602794	1145.047240
41.713673	-3.385655	1309.359430
42.024263	-3.466114	1505.964063
42.221723	-3.800893	1424.210197
42.563677	-3.182176	1954.731032
42.087928	-4.230501	873.850766
42.375520	-4.651117	513.536718
44.582575	-2.701623	5480.017209
44.245797	-7.536758	4.082598
43.831481	-3.819250	1939.782080
46.683703	-6.403279	10.351170
44.024702	-4.638749	458.354128
42.851781	-3.832936	1654.834893
43.242381	-3.193981	2791.462696
43.973298	-3.324017	3299.955681
44.423348	-3.195090	3837.728281
43.734053	-2.470199	3316.837480
44.130848	-4.150718	1041.218609
44.908695	-1.670967	5586.145473
46.677083	-7.666667	0.212227
44.723962	-3.560416	2112.675161
43.713975	-7.750074	3.584499
44.202450	-6.363983	17.984433
45.502657	-7.816735	2.299151
44.097108	-6.811833	9.476750
44.310432	-5.418347	103.311942
43.662446	-6.909490	7.861831
44.625572	-7.786684	3.353070
45.555618	-7.112392	3.420296
44.389436	-7.086961	6.286938
45.815524	-3.891471	721.400106
44.846411	-6.935388	6.842295
45.142929	-7.201920	4.089118
45.065729	-7.603419	3.087165
46.105583	-5.073197	109.931304
44.965899	-6.480033	12.938988
44.686045	-5.705590	56.480719
45.474713	-6.333109	13.634085
45.581878	-5.797127	36.812058
45.111093	-2.603260	5995.325999
45.403381	-3.035574	2806.995452
44.760576	-4.765704	301.267810
44.573279	-4.020811	1129.994510
45.148451	-5.004603	187.494865
45.420639	-3.893684	915.861299
44.846353	-4.334803	578.065332
45.175477	-3.499263	1860.662868
45.144844	-5.465884	73.385973
45.242199	-4.268829	544.565702
46.482024	-5.871346	31.033111
45.448284	-4.690211	292.068927
46.044149	-3.545779	956.527275
46.502457	-3.717542	690.808721
44.381355	-4.939743	245.276767
43.521103	-5.337681	170.890924
44.375155	-1.782758	3376.406230
45.767914	-6.698937	5.442080
45.280991	-2.087285	7531.712382
46.496062	-4.181534	392.109991
44.218933	-2.297440	4331.222017
46.135813	-2.253957	2131.629260
46.567051	-5.010678	110.495786
45.788362	-1.935029	6614.771144
44.443074	-0.187913	3390.311141
46.197032	-0.276265	3641.566626
45.577296	-0.510473	2932.168049
45.914627	-1.367181	7385.047395
46.443390	-1.186597	1923.265272
44.105021	-0.465052	2016.862119
46.042563	-4.272513	409.210440
46.593814	-2.911465	1046.549273
45.853764	-4.696108	237.917083
46.768730	-4.542611	209.664609
46.020556	-5.600531	50.053742
46.775126	-3.411952	843.149986
46.798321	-5.468067	58.325360
46.818688	-2.499512	916.421053
45.877168	-3.084302	1687.965716
46.575463	-2.076511	988.398002
46.154164	-2.755578	1559.387670
44.272243	-0.892847	1735.322019
46.756775	-1.576999	622.957660
45.156306	-0.234208	1314.544073
44.724934	-0.849916	2694.897375
45.538116	-1.024390	10327.628639
46.686615	-0.609598	593.636302
42.246917	-6.221663	26.116636
41.709349	-7.718300	2.430182
42.617801	-7.781740	2.354241
42.770481	-6.954592	5.546247
41.186530	-1.070849	1943.020115
42.170900	-7.500041	2.657444
42.212038	-0.296177	1860.189614
41.832413	-0.524194	1054.903581
42.986329	-1.150443	1335.120256
43.724448	-0.277139	2436.294542
43.363032	-0.523276	1877.253446
43.338275	-0.974937	1323.301208
42.629374	-0.994959	1638.371784
42.386986	-1.361121	1435.597293
42.982887	-1.561438	1182.070103
46.329928	-7.363824	0.994878
45.801335	-7.513892	1.904212
46.336547	-6.767103	3.660052
