35.216220	-0.516351	917.288152
23.635782	-3.159273	5227.131037
3.906356	-4.625194	721.494181
15.751855	-7.100720	46.461091
0.820499	-4.316766	31.721550
9.545038	-1.329375	2370.878569
9.068539	-2.507094	1898.545405
40.988189	-1.983579	694.550582
29.903079	-2.208237	2512.482114
4.705627	-4.860507	984.475957
4.948120	-7.048297	275.298080
4.335467	-4.519673	1121.362157
2.068274	-5.657132	26.556111
6.651881	-5.362644	424.284069
6.284333	-7.398759	81.036185
2.162253	-2.271516	2039.776930
4.514702	-6.118589	347.363418
5.682362	-6.940771	194.344998
5.458316	-5.448105	556.729172
8.471716	-7.132625	1.831558
5.647577	-6.123224	314.454809
6.397701	-6.875958	104.713971
4.299297	-6.544255	256.482245
5.456679	-4.688062	1249.047629
5.073977	-5.557625	508.602984
5.720230	-5.750612	402.059331
3.576298	-5.879917	182.884623
5.799991	-7.434898	157.483348
4.966308	-6.047125	389.456051
4.551046	-7.785950	277.804473
4.698518	-5.294144	591.646110
4.998979	-4.114878	1885.830320
5.277993	-6.310217	322.567977
6.224506	-4.721828	1071.233665
3.743726	-5.096644	375.771852
5.279444	-6.768219	265.599035
6.008436	-6.669519	169.888924
6.253093	-5.384605	496.313016
6.354715	-4.058197	1761.743678
4.516106	-6.968292	263.936597
5.453961	-7.748451	223.567486
10.040178	-7.154674	0.713530
6.071392	-4.399061	1487.947608
2.337333	-4.712145	127.947908
4.315307	-5.631660	401.508510
6.885763	-5.748169	232.369652
5.005008	-7.534401	269.809858
4.239660	-7.454396	232.392081
6.224082	-3.748792	2268.495132
5.081703	-4.592462	1349.554266
4.388238	-3.599899	2607.968543
4.559807	-4.039519	1875.652025
5.625243	-5.062401	823.100848
5.627572	-4.020225	2140.826308
5.326744	-3.497340	2632.844316
3.307252	-5.180077	237.150610
6.051487	-5.048190	767.902155
5.729810	-4.351083	1624.875423
6.088763	-5.701324	366.995663
6.819109	-4.980423	649.199806
7.489480	-5.272326	312.515821
5.271717	-3.879620	2282.041321
6.593339	-4.676022	1023.730455
5.338124	-2.735933	2063.150826
5.838521	-3.758797	2384.567373
5.689429	-3.448021	2562.337163
6.247108	-6.045261	245.066345
6.645319	-6.114068	168.379304
6.642224	-3.067707	2168.834283
5.116963	-3.173008	2648.083586
3.708551	-1.148911	960.212244
4.681701	-3.165891	2756.256449
5.975102	-6.309974	236.259940
6.762579	-6.585220	83.444457
7.916226	-5.222156	282.891957
7.395674	-4.515910	1009.713993
3.946670	-3.512237	2500.909088
3.032531	-4.884678	239.730313
7.556589	-2.782260	2070.209622
7.369629	-1.364196	2891.040115
6.299209	-3.346071	2391.974007
5.904602	-3.158832	2397.517384
6.044679	-2.336348	1686.553939
5.763078	-2.771076	2038.352894
6.529218	-2.445740	1828.799071
4.989592	-1.635092	1465.021483
0.509160	-5.863273	2.727668
2.257563	-3.644874	509.627216
7.552300	-6.422762	33.799694
7.971347	-2.966069	2117.688128
3.608476	-3.798883	1610.853906
2.819999	-4.138401	488.010121
7.705230	-1.853626	2696.042646
0.449604	-0.727268	1020.558310
0.510741	-2.207932	122.138292
1.736428	-3.476994	289.192172
3.126653	-4.430448	464.782153
1.936663	-4.817269	65.313574
0.473044	-4.136204	29.920559
3.783143	-3.015328	2830.089185
1.834205	-4.098658	150.633162
2.838093	-5.800184	72.200987
3.108964	-2.721166	2873.819887
6.884096	-1.524069	2501.144078
5.152386	-2.372704	1596.261575
2.542496	-2.288951	2548.090483
4.162630	-1.314461	1331.137142
4.037072	-2.644417	2390.075844
3.229012	-3.510389	1690.662074
2.173441	-7.356883	3.441215
2.514663	-3.072089	1335.451160
2.877886	-3.673856	939.039978
3.564004	-4.254398	828.471819
2.577661	-3.460570	890.525201
2.442844	-4.280455	258.367442
3.344743	-3.040872	2737.059791
1.352325	-4.533026	45.175974
3.903973	-2.162551	1648.613900
2.020427	-3.396485	526.228898
1.770761	-5.295077	28.784251
2.151732	-3.051250	949.242519
1.115498	-4.911181	23.460577
2.180633	-4.000215	271.669496
0.539375	-1.718262	199.525364
0.462525	-3.722646	48.285254
1.961060	-2.730375	1075.983263
1.627136	-3.823826	165.310186
5.786336	-1.848198	1548.673097
0.839437	-3.382675	81.850992
1.272630	-3.867234	103.734035
1.695745	-4.484022	76.103285
1.153939	-3.472869	130.754008
1.465613	-3.224316	274.210646
3.548075	-6.290945	134.174617
0.786054	-4.793200	21.042214
1.136278	-4.191071	52.557463
4.494063	-2.707317	2305.087844
0.204812	-1.393935	290.695647
1.473981	-1.992217	1030.520377
1.558940	-2.822933	534.103147
2.620367	-5.024320	123.984488
1.288609	-2.439698	478.580901
3.480077	-7.778262	86.850905
0.537561	-7.822020	0.043773
6.880245	-2.104884	2002.520027
7.112806	-3.218395	2132.841628
4.743586	-2.351205	1622.189108
0.345483	-2.983469	69.912079
4.246693	-1.801031	1259.153708
4.507354	-0.995916	2557.816515
3.198931	-2.284473	2270.407600
3.275527	-0.326249	1155.496403
4.449623	-0.504116	1736.558657
2.689492	-1.154154	727.253063
1.945506	-1.916593	1628.683417
1.341281	-1.514074	959.680559
2.086051	-0.809962	612.596032
2.017884	-1.504365	1107.943467
1.656231	-1.232861	843.946448
0.244792	-0.333333	10633.422975
2.936281	-1.533327	1042.826588
1.719481	-0.874625	540.859860
3.659383	-0.594585	946.819904
2.266603	-1.204353	729.100499
2.524545	-0.245869	989.025047
1.559552	-0.498177	611.321078
1.849493	-0.187645	1530.549646
2.862572	-0.572118	1002.388169
2.170914	-0.433514	987.075847
6.511231	-1.175063	2281.837197
5.253391	-0.891044	2549.802465
7.437034	-2.290716	2174.102368
7.528826	-0.954058	2788.771215
8.161520	-5.561961	127.043167
9.300530	-2.754815	2086.000913
6.205327	-0.261502	1187.248740
8.062153	-0.443317	1733.222235
5.830380	-0.453552	1050.174519
0.722395	-2.976831	94.921710
0.169304	-3.433198	53.386252
0.887653	-2.534627	166.778477
0.176178	-2.550271	78.540222
4.951694	-1.190793	2747.915444
5.679410	-0.916766	1947.183374
0.983809	-1.362127	745.746820
4.055731	-0.268336	1434.118122
1.178809	-0.310532	2640.608254
0.894038	-0.704467	1593.840377
5.500054	-0.192051	1205.708142
4.800142	-0.235780	1076.938640
5.974318	-1.333295	2030.854801
6.591269	-0.566483	1517.680049
6.995317	-0.304981	1258.820792
5.159570	-0.427830	1922.524501
3.215971	-5.628404	146.682072
3.929279	-5.543891	304.560185
2.517209	-5.491499	61.929486
1.990221	-6.106444	10.694778
0.250384	-6.430725	0.952432
3.845953	-6.596398	165.950230
3.658460	-7.012748	125.157432
2.353883	-6.485838	12.609183
2.752820	-6.345211	41.325721
1.231668	-6.265860	2.146028
2.165240	-6.860503	4.668033
1.293017	-5.339984	13.969950
1.708760	-7.490846	0.815746
1.639749	-6.338754	3.761966
0.972838	-6.643505	0.696184
1.034135	-5.805972	4.210836
1.146409	-7.002169	0.443739
0.516530	-6.751070	0.406870
0.204228	-7.488687	0.046941
1.732912	-6.764179	2.473625
0.894329	-7.265087	0.163804
8.401099	-2.832865	2178.432825
8.004266	-5.912843	62.430724
2.704234	-2.768650	2449.500204
3.514680	-2.032687	1575.323120
3.403321	-1.505616	1009.412813
2.821257	-2.013189	2011.119027
4.629315	-1.926784	1294.390654
0.258775	-5.432548	5.676690
5.318997	-1.919697	1384.233132
7.291458	-3.700168	1957.569476
7.989287	-3.418417	2137.752346
6.685741	-4.229717	1465.160527
8.827818	-4.501484	916.275891
7.230411	-4.926307	600.184555
7.076774	-4.123721	1509.956179
7.312060	-5.711967	173.581323
8.119761	-4.812631	553.703447
7.581554	-6.012679	71.502501
8.082918	-6.962676	5.468495
7.200630	-6.723061	33.212382
7.777205	-7.235451	6.292553
7.113034	-7.536835	13.539235
7.331120	-7.151876	13.732641
8.237371	-6.259635	27.034744
8.764614	-5.172934	288.159185
10.967292	-3.797723	2770.912960
6.604970	-7.712311	31.977232
7.988503	-6.578800	16.787209
7.508064	-7.824524	6.446146
7.892452	-7.620411	3.760026
9.531672	-7.787716	0.086086
9.222312	-7.144646	0.634347
8.491271	-7.580877	0.827311
8.773550	-7.784990	0.303247
8.217721	-7.795887	1.564835
9.138555	-7.572706	0.185817
8.837751	-6.908678	1.811467
9.653622	-6.494549	5.363267
11.634587	-7.488008	5.724652
8.884191	-6.510284	6.951043
10.846783	-4.857408	726.730074
10.111289	-6.232511	13.646575
9.638672	-6.929950	1.207532
9.223569	-5.900853	32.063884
10.016934	-7.584380	0.203602
10.523160	-6.486070	8.268451
11.291390	-6.748291	15.582763
9.001039	-3.359434	2621.309015
10.045081	-5.779435	61.309049
9.119926	-5.085053	368.363220
8.001100	-4.076429	1658.718712
9.118178	-3.813440	2559.578266
7.753180	-3.716381	1975.489914
8.622566	-3.264180	2394.704448
7.858277	-4.452404	1015.562884
8.354343	-3.542092	2217.675518
8.768730	-4.110680	1819.684548
8.507175	-2.043545	2368.886939
8.525198	-4.806425	539.229052
8.383368	-3.934585	1966.398210
8.604470	-5.518945	114.974534
9.179481	-4.679300	691.881942
8.810567	-5.844411	41.302948
9.527282	-5.631475	78.129433
10.116823	-5.024526	466.835847
9.555341	-3.884810	2664.595331
8.600722	-6.234218	19.499974
9.283701	-6.310852	10.388441
9.747268	-4.266706	1833.292692
9.640070	-3.232828	2728.684316
10.427977	-4.684240	924.631844
8.746790	-1.044697	5050.977885
10.216713	-3.492923	3152.103130
9.790907	-3.548695	3022.365827
9.544632	-4.609524	878.523863
10.499492	-3.849782	2926.779174
9.751823	-4.970553	476.592821
10.265612	-4.287449	1874.753257
9.449865	-5.252407	243.523958
10.332664	-5.454340	211.974834
11.154689	-6.070597	59.295469
11.133243	-5.654061	181.538867
10.786683	-5.390377	311.072624
11.210379	-3.340892	2644.125378
12.308293	-5.689818	220.982021
11.745467	-3.425703	2037.479996
10.248259	-3.075115	2821.831390
9.287366	-3.114937	2520.529866
9.876467	-2.947258	2494.747037
9.803135	-2.364709	1777.727377
9.931030	-0.202091	4610.228118
7.716556	-0.200370	3441.114178
12.252864	-4.177460	1204.744037
11.337054	-2.466531	3018.271539
7.978065	-0.892023	2178.576365
7.368123	-0.505351	3015.294529
8.273754	-1.207278	3447.553352
9.068397	-1.383238	3000.699467
8.160117	-1.758743	3021.815413
8.423722	-0.242946	4802.294380
10.317280	-0.465077	7174.859294
9.749644	-1.723933	1831.396728
9.751572	-0.949979	3534.982462
11.023905	-2.906807	2870.576775
8.812671	-0.529072	6687.294465
3.102475	-6.584459	76.169098
2.555303	-7.655426	12.139390
3.035381	-7.433688	44.698938
0.961517	-7.611409	0.099792
0.470374	-7.142365	0.129832
1.423956	-7.789389	0.218523
1.498402	-7.049948	0.921546
0.179823	-4.513422	18.941377
0.438599	-4.945971	12.890626
10.932416	-6.385566	19.625693
11.259746	-7.093882	5.833099
15.126409	-5.909868	322.649135
11.960058	-6.698458	42.195287
11.331259	-4.168854	1948.037956
11.824286	-3.919152	1810.681852
11.719213	-4.969270	713.526254
14.059458	-4.505161	818.040401
12.036960	-3.065360	1660.821205
10.549347	-2.799328	2756.470801
12.209708	-4.752694	859.858205
13.711228	-4.130774	740.925528
11.815020	-2.540273	2310.491784
10.674622	-2.035564	3317.789071
12.776696	-3.929517	920.717477
13.935892	-2.534119	1440.525765
13.117992	-2.737136	1066.132571
14.736908	-5.137633	908.875136
12.696692	-2.705675	1272.651377
11.099679	-2.028508	3766.035248
12.443022	-0.531687	6170.508699
9.548204	-2.066908	1662.338126
12.269017	-0.941173	5715.894470
10.667499	-0.262987	7239.837459
10.437439	-2.366107	2581.761892
10.524037	-1.273494	5523.127687
10.403050	-1.686374	3566.832027
10.103869	-2.235838	2074.637321
10.082077	-1.818312	2230.728458
9.217620	-2.119733	1803.394099
9.704543	-2.665255	2029.753481
8.942419	-1.830621	2292.804017
8.601596	-2.496768	2061.302802
11.632820	-1.498666	3830.096528
11.166451	-0.896890	2888.363212
9.201448	-0.286125	5298.011648
10.238456	-0.926840	6150.138199
9.585604	-0.488216	4345.847510
11.643215	-5.446625	298.958008
11.065571	-0.476521	3040.531609
11.269342	-4.643737	1098.149188
12.540901	-5.979800	174.515446
13.214510	-4.280947	782.145800
12.597355	-5.481398	318.989977
11.770678	-0.405899	4676.168480
12.474342	-6.294001	101.164195
13.124657	-4.850353	663.416779
12.643688	-5.074157	610.844692
13.518538	-5.124660	564.968424
13.572467	-5.627888	354.667154
13.956621	-4.929643	676.709261
12.814905	-6.633419	77.182014
12.402378	-1.372395	6020.436096
15.620825	-4.631313	2114.626163
15.651733	-5.197697	1556.973368
13.018555	-0.154419	3347.006128
12.893103	-7.466296	29.270157
13.227705	-5.909349	209.505619
11.252602	-1.637924	4416.634944
14.803546	-4.681820	1179.476972
14.092630	-5.715742	357.240950
13.688641	-3.241994	622.494792
14.576760	-2.570243	1336.170078
13.988741	-1.074870	8027.666085
3.835358	-7.446708	143.579026
3.191816	-6.999728	76.612275
11.967173	-5.736803	188.634419
10.886120	-7.612045	1.128026
14.530964	-6.743294	82.834767
12.829963	-5.771381	229.998484
11.853446	-6.102048	93.885060
12.128008	-6.369264	74.338867
11.550934	-6.228406	57.368715
11.603900	-6.610127	33.698224
12.051257	-7.456072	15.074735
12.173250	-7.014193	29.636595
14.148280	-6.505337	105.703594
12.681762	-7.024417	40.560233
13.408909	-7.682850	31.097138
12.484194	-7.783446	20.548712
13.279205	-6.457187	107.570961
11.413697	-0.213534	8903.198032
10.948532	-1.232100	4620.460521
12.132626	-2.177093	2745.088004
11.585364	-1.043389	3010.452390
11.841465	-0.815385	3797.598846
12.865014	-0.493741	2651.503667
12.022280	-1.701884	4060.681490
12.868854	-1.577617	5672.179685
12.106980	-0.192365	5653.943879
12.565699	-2.320605	2041.715515
12.921829	-2.050618	2742.159555
12.485558	-3.087249	1120.859110
13.278713	-2.343188	1788.250613
12.835020	-3.434828	820.045800
13.259570	-3.157087	702.817885
13.988092	-2.897035	818.082473
13.508139	-0.154419	3423.558713
14.621669	-3.257045	693.912837
14.615838	-0.477514	5037.295292
14.629307	-3.995996	914.946978
13.901143	-3.679009	625.062333
14.301828	-5.273848	628.090485
14.471302	-4.393553	991.462551
14.734518	-6.110891	197.704988
15.168408	-5.459296	859.650795
16.448544	-4.597418	3066.542831
15.876754	-2.726092	1146.156218
16.738917	-2.201228	2783.944039
15.014641	-2.429438	1683.017702
10.844612	-7.217920	2.350973
11.400857	-7.815381	2.341194
10.466999	-6.972832	2.273616
10.485262	-7.796664	0.328682
13.227646	-0.858357	2957.419760
13.876492	-1.839846	4611.404938
14.414885	-2.935257	834.580266
14.300946	-2.346512	1938.186283
14.407377	-3.655839	705.226499
15.313797	-1.202622	6516.005144
14.306717	-1.953687	4259.530399
13.643109	-2.261511	2143.105353
15.091017	-2.004607	4761.067020
14.472489	-0.972005	9003.672374
15.093789	-4.004765	1120.526240
15.344183	-3.631599	943.156357
15.093993	-3.224036	796.095830
16.090694	-3.159982	972.818448
15.204138	-4.437099	1520.801309
15.325090	-2.761442	1031.819490
16.072530	-3.928723	1688.272512
15.789220	-3.602895	1115.259854
16.814631	-3.969481	2144.083662
16.528122	-3.285271	1014.075910
16.191704	-5.420863	1454.787860
13.814055	-0.370181	5822.764745
16.960239	-3.092031	941.769479
16.152644	-2.285200	2916.250590
14.658906	-1.752587	6348.448976
15.490553	-1.687382	6638.846925
16.069112	-0.360263	3982.429994
14.782590	-1.285789	8833.667570
15.776251	-0.172405	5635.276244
15.044297	-0.261751	5119.464656
15.469255	-7.791022	23.266617
15.938777	-1.777496	5692.546005
15.541738	-0.845480	4002.390726
15.453670	-6.243836	188.606083
13.230729	-1.318647	5790.595218
16.034893	-4.376256	2542.169873
22.690425	-2.349966	2060.081592
19.619142	-2.221124	728.124099
15.880355	-7.543886	26.429156
16.792333	-4.366742	2991.646905
14.259041	-0.215762	3802.834737
16.552768	-6.916030	58.150092
13.687104	-0.734797	4459.423984
13.730504	-1.473815	6962.431428
16.508478	-3.752624	1562.722757
17.214941	-3.842805	1861.032909
16.574447	-5.075641	2585.840125
18.770391	-0.188981	2060.087168
17.099075	-2.568728	1281.568267
16.859056	-1.635453	6159.911327
17.657366	-2.455590	1082.570874
16.371879	-1.384237	5719.514896
17.264275	-1.421202	5842.180633
16.449111	-0.187859	4502.308131
18.592393	-2.348868	782.614084
17.822441	-0.868045	3888.476063
16.334872	-0.952435	3471.013432
17.113504	-0.528242	3589.581180
15.398673	-0.434156	5388.730145
15.967386	-0.771587	3278.574300
17.702501	-1.608136	5968.591135
16.681390	-0.541111	3947.493419
18.012763	-1.233241	6171.556752
18.619388	-1.624710	4472.351736
19.229936	-0.432078	3178.676950
17.370809	-0.174990	3122.524249
17.359008	-0.933653	3665.097283
17.082627	-4.522617	3141.423164
18.066521	-0.462635	3354.645913
19.677169	-4.437448	1909.124786
14.298966	-6.067437	196.486948
15.195656	-6.602024	107.568046
13.722088	-6.725506	75.961663
14.825924	-6.507871	120.009215
14.595217	-7.095320	46.863614
17.506347	-7.807046	13.314930
13.802462	-7.343617	40.483134
14.292907	-7.475473	34.590937
19.298387	-4.645351	1823.943520
15.309733	-6.967702	56.404246
14.566021	-7.814707	27.125265
19.069364	-1.663731	3695.856443
15.035276	-7.605729	27.575524
15.004254	-7.225575	40.084786
17.142095	-5.990966	324.252007
17.199926	-7.485041	20.446045
15.900746	-6.303664	188.540376
16.400683	-7.752864	22.396834
16.299730	-5.944766	437.333309
17.925629	-7.155918	20.178387
16.084855	-6.794870	77.444016
16.772998	-6.139633	255.410062
17.469440	-6.356566	176.760416
17.235116	-5.355212	1689.728511
20.109775	-6.978852	7.855517
17.130965	-4.806847	2936.031611
17.474837	-7.048578	30.825121
17.538369	-5.097121	2144.514079
19.731156	-7.573075	4.085080
17.851083	-6.210495	203.137274
18.300048	-6.901772	27.314206
18.644206	-3.901978	1774.965290
17.973635	-7.592381	11.570503
17.304167	-6.698057	81.646160
17.860392	-0.174990	4177.867752
18.105422	-3.810390	1724.364206
19.344102	-5.732005	274.731518
19.668072	-7.110942	7.538840
18.404788	-7.785334	7.328254
18.682148	-6.193925	120.819001
18.847912	-7.564871	6.647143
18.791177	-7.117771	13.610965
19.349374	-7.779536	4.183146
19.229554	-6.870304	16.951024
20.901255	-5.189467	447.509954
20.956382	-7.374688	3.728914
19.162160	-6.421338	58.926184
18.258413	-6.426891	87.541161
19.933625	-6.172915	70.113000
21.363222	-7.727242	2.594457
18.478560	-4.801402	1975.005118
21.807260	-7.500594	3.372883
19.905916	-5.405513	350.876584
19.493459	-6.126618	104.025184
20.256782	-7.793539	3.055057
17.849230	-3.351559	959.039465
20.126133	-5.791926	156.538621
19.016072	-5.636704	422.567080
21.058779	-6.820494	9.735414
19.882032	-1.343722	4537.219747
21.235091	-5.464840	256.546786
20.192544	-5.099647	575.693885
22.732953	-5.383518	280.968741
20.443121	-4.389881	1976.838233
20.123437	-4.705137	1442.920347
18.967709	-5.276404	763.711208
22.593795	-7.421063	4.741731
21.204487	-5.873283	91.543054
21.465723	-4.841369	940.733985
19.549491	-2.664234	568.679410
19.528608	-3.548145	1220.978553
18.844575	-3.002364	555.855188
20.844329	-4.459780	1894.535021
19.777677	-3.954863	1905.770133
21.538177	-6.664363	13.357415
20.308154	-1.003599	3464.259149
19.792936	-3.041652	799.294704
18.464176	-2.785938	530.688766
20.503340	-3.580055	1929.168240
21.168011	-2.815585	1133.059455
17.340906	-3.432708	1104.421661
18.993609	-3.478303	1062.056095
17.342011	-4.389061	2974.530355
18.079096	-4.770977	2365.182289
17.834185	-4.155243	2448.992432
18.810384	-4.434222	2181.101205
16.966575	-5.129194	2535.486122
17.544395	-4.598316	2952.138129
17.320110	-5.676894	698.918842
17.428301	-4.830257	2764.709628
17.798197	-5.789411	530.420005
18.685417	-5.803904	343.791566
17.870527	-5.134105	1799.241189
18.045361	-5.504713	938.971700
17.863031	-4.502051	2746.046076
17.452028	-4.106510	2512.501426
18.640334	-5.184956	1079.256625
18.415704	-5.525139	728.956308
19.564052	-5.391888	452.918148
19.293938	-5.103979	888.334525
16.841928	-6.619690	105.700818
16.740096	-7.430859	26.815294
18.662039	-0.893525	4651.229159
18.486937	-0.476625	2499.748070
19.160246	-0.848977	5329.766814
18.431945	-1.244731	6299.202828
19.380128	-1.239204	5944.263986
19.984031	-1.945424	1071.395130
19.553294	-0.243097	1634.211189
18.380341	-2.013701	2071.632486
18.968455	-2.340094	670.006064
20.290144	-3.082990	1049.738580
20.894786	-1.740373	1331.908550
17.882637	-2.008616	2694.497198
20.042878	-0.243097	2299.159292
18.026853	-2.897745	630.146798
20.220972	-6.562180	22.436504
20.495776	-7.440985	3.793408
21.943975	-5.410816	263.342985
22.358527	-6.106636	59.226704
20.709370	-6.470119	23.340397
23.564262	-6.210630	53.429642
22.518035	-6.542959	24.087178
21.590815	-6.164809	46.492960
22.996935	-7.447152	5.541510
21.879818	-6.991909	6.712040
23.184742	-6.709988	19.244709
23.302620	-5.962868	83.627251
22.701755	-5.840498	101.061668
22.256538	-7.773352	3.235918
22.343436	-6.912378	8.577302
24.977547	-6.618481	17.708135
25.838418	-6.503669	15.827144
22.344616	-5.130081	496.059950
21.989084	-5.930392	87.814741
24.477215	-6.027246	70.319406
21.730940	-3.940219	3297.036250
21.970871	-4.511996	2230.230567
21.640513	-4.559866	1886.700747
22.344061	-4.021846	3842.621394
21.467056	-4.185762	2730.852248
23.453246	-5.575619	174.143167
21.524962	-2.424011	1104.329442
21.105879	-4.105101	2580.927680
21.030716	-4.821944	968.107682
20.952810	-3.669821	2433.836329
20.255201	-3.945435	2124.100722
20.574761	-5.308982	348.842635
21.576310	-5.236791	400.561519
21.707365	-3.509720	3200.327584
21.290413	-3.319984	2272.397622
20.506548	-5.733535	154.027579
20.802439	-6.022462	68.288551
22.176624	-2.911020	2314.692312
20.617213	-2.668357	926.441425
25.451665	-6.829129	10.117289
23.305512	-7.799441	4.762914
25.444174	-5.755062	93.948079
23.746937	-7.527649	5.423417
23.177103	-3.829596	5663.491400
20.365523	-0.482181	1268.069673
21.970716	-2.512642	1452.915809
20.480557	-2.126120	907.830084
23.810322	-6.819671	16.746303
22.895943	-3.070542	4047.051389
22.324204	-2.139615	1801.535699
24.161634	-6.682161	20.833825
22.308138	-0.478110	1875.315673
22.268913	-1.636488	3100.673274
21.388393	-1.891036	1447.330500
21.778856	-1.476540	2466.165241
22.664660	-0.794431	2838.669771
21.614873	-0.208984	652.332024
22.678779	-1.280730	3441.356678
20.885145	-0.239084	1406.939721
20.824383	-1.219554	3533.775781
21.660616	-1.013444	3140.241485
24.564961	-6.929821	12.044343
21.203143	-0.448068	1301.404289
21.199750	-0.907121	3210.061276
21.908801	-0.554392	1871.016972
24.446673	-3.608826	4801.538804
24.191425	-7.728207	4.470011
24.177157	-6.227164	47.168052
24.626346	-7.448806	5.286355
25.097184	-5.818088	94.794836
25.153671	-7.720599	3.795793
25.566404	-7.412261	4.211043
25.781410	-6.022000	47.121584
23.608654	-3.644202	6310.358811
19.206379	-2.043949	1046.961305
19.136129	-2.694787	517.681756
22.312914	-4.703090	1593.254320
24.933964	-5.016662	420.139283
23.037971	-2.228368	2382.491745
26.050354	-4.220589	1125.298518
26.679978	-6.312905	16.154899
26.328660	-6.691555	8.972233
29.008889	-6.687309	4.746981
26.100233	-7.691662	2.800490
27.861451	-0.785827	2639.590407
26.475736	-7.296416	3.100821
26.140248	-5.726468	70.272724
27.272001	-7.734950	0.747199
27.456807	-6.048971	19.491775
25.995552	-5.315571	158.423856
24.152558	-4.992113	746.086305
26.548574	-5.829487	46.328321
25.590056	-5.322436	182.029266
27.907738	-6.252568	12.607159
31.599421	-5.857269	160.875845
25.357301	-4.933190	395.570251
24.819729	-5.468935	183.535933
23.684597	-2.335300	3046.383406
27.753435	-5.259106	105.083309
26.215463	-4.933321	296.404575
26.716481	-4.950231	242.848323
24.469323	-5.613945	150.511326
24.874279	-6.170903	49.166718
25.312676	-3.883059	2770.959339
24.800901	-3.964242	3522.961032
24.121396	-5.397428	258.560534
23.002939	-6.072862	63.174282
24.566843	-4.358210	2306.098969
23.031851	-4.325563	3305.048479
23.865194	-6.040088	72.124971
23.817325	-5.623653	149.472688
22.924410	-6.495396	30.318849
23.230072	-7.065677	9.646610
23.657157	-7.146174	9.310895
23.524913	-6.535216	25.570615
25.597687	-4.213592	1401.612876
23.654944	-1.946430	2749.044726
28.912424	-6.115037	20.881298
27.113081	-6.402949	10.694541
23.140693	-1.456075	2489.859094
24.468343	-3.172955	4251.188070
23.184762	-5.228633	420.289149
23.355469	-4.731342	1404.234787
23.284083	-2.909706	4192.465717
22.816090	-3.505503	5354.492050
23.988080	-3.862782	5089.794990
26.904896	-5.435499	86.202775
23.336804	-2.518990	3083.388785
22.601117	-2.801423	2633.776860
22.423494	-3.641241	4612.922777
22.591407	-4.382076	2933.333369
23.839578	-4.652284	1551.909265
26.062836	-3.210547	2010.892413
23.521793	-1.106627	1896.030737
24.036878	-2.941983	4475.848503
23.878179	-0.269553	1706.240347
23.236145	-1.866690	2428.128447
22.078853	-3.315876	3519.626663
22.022996	-4.126981	3253.587450
27.463317	-4.499384	502.294783
24.032973	-2.508726	3406.885114
26.034543	-2.692493	1710.190009
27.380026	-5.564939	56.438911
24.614720	-4.756357	932.921327
24.365358	-1.820967	3043.179722
24.061615	-4.265347	2817.180008
26.972049	-4.559993	501.572651
24.434831	-2.236327	2927.222989
24.843328	-2.924042	3050.991273
22.993376	-0.132702	934.611768
23.896147	-1.275308	2451.352364
24.813721	-2.420670	2561.238976
23.933846	-1.704496	2798.212516
24.297687	-1.043456	2557.807627
24.657381	-0.288900	1765.227403
24.617278	-1.411126	3142.865702
25.419157	-1.818873	2383.851635
23.500326	-0.585875	1242.568457
25.112405	-0.461650	2663.899855
25.512684	-3.391093	2551.143214
25.261790	-3.019128	2490.307628
26.788999	-4.142956	951.007042
25.551782	-2.615529	1977.031846
28.577466	-3.204617	1819.038657
25.275532	-2.257304	2135.183820
26.000749	-1.260675	2964.883789
25.913357	-0.172749	2582.436683
25.069586	-1.370778	3067.531271
24.301186	-0.558454	1673.362982
26.438153	-0.635708	3178.746734
26.314028	-2.399725	1550.848257
25.895302	-1.697894	2289.034986
25.771442	-0.917180	3200.505343
29.929281	-3.833110	1721.074891
26.057007	-0.472526	2776.486589
27.981082	-2.510420	1699.671819
27.490351	-0.194482	2769.645466
27.001671	-7.339703	1.797650
27.287698	-6.824886	4.062147
29.507812	-6.922512	4.312221
27.804260	-6.736743	3.987021
28.150070	-7.800024	0.479933
29.065171	-7.748046	0.887430
28.544807	-7.064681	1.506080
30.312743	-7.341211	7.792350
28.043303	-7.051585	1.417389
29.487410	-7.499860	2.145968
30.760662	-7.346745	16.145605
31.189046	-5.963398	108.305829
30.831259	-5.703517	138.672917
30.765092	-5.275132	305.105887
31.078490	-7.757349	19.233220
30.010229	-6.763862	9.892529
31.563974	-7.491309	25.227417
29.984738	-7.751814	3.545113
32.867639	-6.609202	67.189453
31.956127	-6.667190	56.525216
31.072603	-6.814851	31.085903
31.973376	-6.184181	114.102220
33.309677	-6.800540	54.067573
31.552999	-6.959415	34.658719
32.430173	-6.913198	47.745709
32.730486	-5.092553	508.309257
31.985484	-7.733961	26.199863
31.531292	-3.798005	2619.075870
32.448555	-7.448074	31.411956
32.426095	-5.912683	164.316970
32.931821	-7.714113	28.963857
33.355477	-7.370575	33.984081
32.359474	-5.440492	304.150742
31.667250	-4.910533	676.032938
32.846312	-6.091697	127.524380
31.848311	-5.382096	329.087272
33.325439	-5.763472	193.712900
33.276234	-5.236519	406.805338
33.721655	-6.500633	77.071629
34.552439	-4.489322	690.315937
33.687272	-4.855258	626.664182
32.881811	-3.662947	1384.083931
32.067413	-4.466941	1208.984753
31.132608	-4.846295	680.151792
33.758745	-5.981070	141.118774
35.676750	-1.190972	1564.616867
32.619486	-4.590565	951.779238
33.565624	-4.298029	879.748123
34.261633	-4.920055	567.259305
33.929986	-3.997808	729.636203
36.560279	-5.622949	322.797565
40.736238	-0.309504	694.764522
30.514953	-5.955955	78.139257
30.171014	-6.402698	32.153515
33.043586	-4.177302	1158.645878
31.971476	-3.995233	2058.909491
31.618378	-3.255252	2905.464528
31.133524	-3.967051	2192.271224
31.232818	-2.503107	2083.162918
30.946237	-4.398353	1263.316420
33.266337	-3.189242	828.096309
30.740403	-3.691801	2461.247879
33.001539	-2.675615	828.912789
29.674488	-1.455550	2554.361235
30.366475	-3.944101	1783.391987
28.575759	-5.024530	167.127020
32.116871	-3.146517	2210.460107
27.983266	-3.804384	1051.662369
30.752021	-3.254440	3074.345890
30.464114	-4.368657	1164.956910
32.361774	-3.604502	2029.799904
32.960879	-1.704665	853.660088
33.991048	-1.529618	989.186279
30.940637	-6.414582	55.785908
28.450083	-2.453935	1965.068888
34.137015	-2.894473	341.617491
32.937380	-0.857743	1873.861276
30.120081	-6.021527	65.741693
28.631782	-2.037134	2103.242165
27.147968	-0.958813	2931.310728
31.232228	-2.986936	2986.899846
29.832378	-3.339912	2417.408838
26.983039	-1.322388	2354.931849
30.281190	-3.013542	2922.455715
29.383425	-3.197445	2247.285264
28.921068	-3.973598	1041.688405
30.114845	-4.694560	623.374713
30.229452	-5.153093	284.667207
29.256272	-4.217070	802.060622
28.242062	-5.433730	78.274759
29.900748	-5.647050	113.110476
30.565886	-6.337126	51.973048
29.094778	-1.966246	2437.487350
28.098938	-3.327449	1530.184829
27.721700	-2.172358	1547.701715
28.420540	-4.161455	732.377906
28.962322	-3.493694	1685.443319
27.770670	-2.962063	1631.448188
27.151931	-3.799715	1127.113210
28.298957	-4.615890	323.616329
29.344198	-4.653964	467.485017
27.546807	-3.982736	884.095302
26.955834	-3.362000	1514.651024
26.411885	-3.465879	1680.533026
26.361034	-4.000241	1297.997820
27.778192	-4.775466	261.419343
28.319584	-5.943161	27.088755
29.352799	-5.614599	75.281726
29.093657	-5.033522	183.121595
29.745403	-4.562081	673.287744
29.657477	-4.125187	998.523727
25.557127	-4.609450	724.050124
26.009794	-4.616447	640.268118
23.105106	-0.449024	2368.104637
22.503793	-0.132702	833.725405
25.423774	-0.172749	3319.014974
25.316423	-0.906304	3271.573062
26.388109	-1.151952	2898.755424
27.575486	-1.040491	2517.331422
26.810611	-1.999414	1591.710878
27.607287	-1.464813	1847.765182
28.558538	-0.427698	2939.193249
28.568670	-1.211638	2598.000290
26.642797	-1.410233	2409.755868
27.893153	-1.735941	1666.113045
26.570550	-1.776980	1871.046698
27.231521	-1.605261	1836.677226
26.210414	-1.955919	1821.853609
27.131342	-1.915539	1573.715362
26.710635	-2.401406	1483.388186
27.214581	-2.965245	1555.857003
27.335653	-2.211508	1474.089110
27.038947	-2.552752	1457.306788
26.857770	-0.530414	3780.218022
28.334235	-1.657203	2030.653985
28.718199	-2.782746	2085.236820
29.215768	-2.749040	2362.465919
30.307346	-2.499172	2513.187961
29.410648	-2.349342	2502.235348
29.025803	-1.207803	2921.856889
29.254363	-1.582480	2613.441157
28.237621	-0.173735	3660.934157
31.553652	-0.603973	1935.214028
29.726476	-0.214199	3796.329213
30.007333	-1.698212	2279.422844
29.320295	-0.881935	2917.029685
30.435285	-0.195958	3273.502749
29.313018	-0.468161	2877.852860
29.721278	-1.041110	2671.060858
30.503870	-1.418117	1929.815100
30.778766	-2.256241	1916.654899
30.746924	-0.544503	2244.241763
30.039911	-0.823294	2733.975857
31.372496	-1.589785	1096.606624
30.052386	-0.410157	2657.258536
30.489657	-0.957640	2377.986999
27.000767	-0.194482	3196.783984
27.821722	-0.368218	2701.612558
28.961541	-0.253963	2449.098468
28.353475	-0.845307	3043.836611
31.610239	-2.144543	1369.890103
30.871036	-1.685210	1366.141912
32.116307	-2.197020	1225.721046
31.155389	-0.348544	3077.391797
32.372111	-2.691334	1362.049029
33.275017	-2.168763	580.236866
31.660860	-1.164984	1421.933705
32.431598	-1.717203	1087.214230
34.461411	-0.452845	1073.593246
33.051874	-0.434259	1872.457688
32.213894	-1.239924	1370.710367
31.976388	-0.255429	2223.914041
34.417211	-1.254551	1395.932114
33.858957	-2.044059	441.117087
32.686891	-0.186078	1203.935648
35.068854	-2.644234	272.017112
37.088054	-1.748583	1028.955189
33.645707	-1.169794	1263.522927
33.199478	-1.220137	1381.931214
33.850685	-0.800762	1238.669324
34.996078	-1.863104	705.298443
34.133134	-0.179440	1188.411916
32.350780	-0.441507	1452.656584
33.411857	-0.248180	1162.725867
32.481078	-0.864992	1762.478869
36.592547	-2.371018	483.584324
35.253456	-1.023419	1540.253991
33.763741	-0.427620	1166.452341
34.843902	-0.273405	903.555134
34.303564	-0.825987	1265.086826
36.745216	-0.491735	882.089551
36.358920	-0.237499	605.199904
34.857087	-1.388478	1404.087418
35.824024	-1.678753	1273.972844
34.744760	-2.268643	328.106019
34.342440	-4.124304	676.643023
35.622318	-0.242945	835.507460
34.232345	-2.408194	293.253668
35.557735	-2.462353	324.866420
36.273037	-1.658896	1284.559697
37.160177	-1.294802	1522.888561
33.763111	-3.228202	530.363732
35.996862	-0.480445	916.709208
34.521475	-3.165353	336.319779
35.539721	-1.985826	678.332479
36.741883	-0.978946	1201.985636
36.176075	-3.590412	404.198696
35.876570	-2.753321	284.941648
36.014058	-0.921403	1287.827535
36.372782	-1.165669	1350.974684
36.570015	-1.925955	936.539975
37.105046	-0.254236	830.947120
33.963031	-3.610078	567.812192
34.400745	-3.522204	471.243904
35.965471	-4.482779	755.217774
37.649629	-3.299706	395.109446
35.728326	-3.343945	321.441474
37.515975	-0.503943	762.691928
36.952309	-3.212043	366.036039
35.281534	-3.463407	342.895043
35.354256	-5.205676	454.296763
37.557649	-4.921828	585.541960
37.574439	-1.057298	1618.951256
38.893957	-1.980408	532.430664
37.864053	-0.249708	264.167339
36.330102	-2.702001	323.095776
37.326970	-2.097452	612.679109
27.797071	-7.534974	0.667684
28.621491	-7.548070	0.723399
34.727817	-7.299735	34.842270
34.731931	-6.692433	65.233560
34.589387	-3.800752	554.435917
34.940898	-3.054664	286.837997
35.076212	-4.328657	693.166551
35.050753	-3.852643	519.537362
35.282513	-6.187051	141.459617
36.575311	-6.904348	64.136765
40.434609	-2.631402	461.557958
38.334734	-0.497460	3378.548457
37.998772	-1.249582	2018.941233
38.902972	-0.247752	609.503177
38.653887	-2.357892	404.805854
39.279720	-2.017969	460.539695
38.291473	-2.352556	433.863358
39.440530	-0.516504	900.318511
39.280046	-1.037621	932.110820
38.410989	-0.943980	2735.313736
38.818743	-1.215389	1325.876100
37.990645	-3.356237	408.707106
40.006677	-2.691174	403.856444
39.663368	-1.318749	923.677880
39.949016	-0.268752	1107.059709
39.844297	-3.043542	436.974350
40.916048	-1.443078	1387.029686
40.169465	-1.107136	1106.916406
40.294629	-0.578256	862.787088
41.351890	-2.216921	697.219664
39.430026	-2.406630	374.693943
40.450551	-1.438630	1190.535522
38.607442	-3.070946	367.620517
39.444274	-3.096034	407.734055
35.779714	-5.504123	355.257440
34.050488	-7.792318	26.637105
34.196013	-5.788577	189.983644
34.551358	-7.044522	45.240305
34.446153	-5.342180	337.845419
34.528829	-6.091909	143.809447
34.941888	-5.441537	318.153888
34.086383	-6.663002	64.477355
35.153806	-6.610664	76.546798
35.292433	-7.633539	30.000403
39.256536	-5.792874	154.342946
34.933178	-5.913958	187.186516
35.716681	-6.013077	194.345535
36.521633	-7.411228	40.712009
36.218363	-5.329518	442.893629
35.396873	-6.956426	51.178420
36.968727	-5.483399	368.124281
36.751697	-4.740435	704.446459
35.451414	-4.624103	709.900958
36.105545	-6.269941	141.943161
37.135884	-6.105079	164.560684
36.873239	-6.677553	88.304450
39.774825	-4.129794	676.112708
37.825779	-5.331215	373.148420
37.071545	-5.040656	572.059240
39.409592	-4.410386	653.775094
37.230081	-4.009417	683.148539
37.681232	-4.388844	734.932952
36.268801	-4.044564	664.258215
38.159023	-4.192411	694.877980
38.236416	-3.689160	510.703124
36.306963	-4.889747	666.712907
36.786650	-4.242180	740.132384
38.661442	-3.494880	462.656102
38.100974	-2.676192	380.670759
39.365428	-3.503542	512.517079
39.235041	-2.769203	344.745626
39.024517	-4.214300	667.660093
39.996655	-4.910899	445.755281
39.009624	-3.705926	551.999388
40.389466	-3.445907	642.772329
38.598942	-4.506505	670.530248
39.745555	-3.731324	599.373027
40.144638	-4.401684	661.149050
36.127648	-6.703725	76.924697
38.290887	-5.396053	315.959621
39.186644	-5.235799	344.257110
40.023555	-3.427656	561.496000
40.638140	-3.002021	586.601214
38.650948	-5.042183	441.714101
39.519712	-4.896207	490.238089
40.276568	-1.896907	642.792337
39.599331	-1.753533	575.269865
43.647644	-3.003309	3702.788122
40.481140	-4.234371	729.950052
39.801639	-2.381093	395.550193
39.931445	-2.000197	504.654407
39.580171	-7.796400	11.494899
40.842933	-4.415039	657.858017
38.680611	-1.633611	885.634700
38.844666	-2.758026	343.308713
38.165184	-1.665849	1008.895743
37.757944	-2.613672	400.455848
38.016116	-2.007311	602.786934
37.674358	-2.177416	519.577506
37.542118	-2.875397	370.819016
38.226164	-2.994448	367.710958
37.174476	-2.818061	373.066085
37.276204	-3.540158	452.622415
37.042913	-2.476371	459.142729
36.558302	-3.201337	341.063651
41.346729	-2.749435	769.485484
40.575513	-3.783597	767.573212
33.828311	-7.448780	31.713485
34.545876	-7.639866	28.064411
34.456288	-6.446771	83.462525
34.147239	-7.041114	43.949503
34.901638	-7.847547	26.894728
36.886383	-7.711188	32.431931
38.171570	-7.448257	25.526862
35.151457	-7.293408	36.619363
36.510494	-6.054418	187.184031
35.765795	-7.785992	30.999275
38.404406	-5.876502	162.549236
38.834360	-6.079707	113.899876
38.062483	-6.208566	117.299967
38.934338	-7.796400	13.131490
39.006455	-6.928856	28.286823
41.481804	-4.842817	412.164582
37.426576	-6.333645	126.004844
38.733537	-6.555727	57.834965
37.359575	-7.491881	31.922225
38.223328	-6.614444	64.421333
38.674383	-7.463965	19.232254
40.491333	-6.025726	77.425035
41.301477	-5.974862	63.007839
37.993432	-6.971865	40.771391
39.556695	-6.900439	23.609307
40.779107	-7.731862	6.827947
39.870457	-7.435548	12.813770
37.504354	-7.015489	45.530424
40.364960	-6.459895	38.396627
37.785692	-7.780693	25.790523
40.239377	-5.263925	235.447327
41.416146	-4.011509	861.313387
41.739211	-5.190439	219.960992
41.126546	-3.465138	866.347355
41.005834	-4.856080	408.987566
41.657733	-4.326524	710.522548
40.881219	-5.772690	101.648770
41.300956	-7.450162	6.041314
43.353420	-4.602598	576.378089
42.252797	-3.092783	1472.287922
35.818931	-6.996596	51.970919
37.287256	-6.708040	78.492873
36.046878	-7.486031	38.306675
37.718433	-6.122087	154.126646
36.830525	-6.261407	140.208315
37.595248	-5.725186	246.287910
37.224300	-5.758541	250.311954
39.699121	-5.980048	92.891731
40.756204	-5.253168	219.192926
40.641862	-6.813039	18.190669
41.355310	-7.028853	11.298860
40.106626	-5.720136	119.089246
39.832895	-6.482757	43.125081
40.423559	-7.371009	10.551447
42.972612	-7.429601	5.055832
42.291686	-7.025032	7.418982
41.051764	-6.752582	16.739205
41.631871	-6.704142	15.726999
41.328325	-6.427871	24.933593
43.422952	-7.397934	6.137314
43.449237	-6.455598	18.481913
42.582357	-3.657987	1677.857582
41.683163	-1.057522	1771.292663
42.202734	-5.094763	246.632087
43.788743	-6.109962	34.561542
41.683955	-5.688347	100.058558
42.801840	-5.615707	99.520325
43.007612	-6.469033	17.182509
42.754514	-6.110693	38.426846
42.381022	-5.475039	122.067993
43.189919	-3.613219	2149.605686
43.649937	-4.812542	395.694008
42.754192	-4.576016	644.905408
45.039556	-1.175920	6458.945594
41.799083	-1.979215	897.161251
42.021219	-6.650443	14.972958
42.081078	-5.852185	74.743684
43.016933	-4.861561	430.994214
43.453365	-3.917779	1766.264747
42.567476	-2.172156	1240.020213
41.948568	-1.441805	1333.733945
42.885562	-2.937887	2268.379439
41.479750	-0.228017	1184.890796
42.156345	-2.348611	1025.555517
43.344957	-1.734502	1308.351867
41.692583	-2.943187	1005.007454
42.912725	-4.200596	1069.093370
43.616554	-1.354508	1195.450347
42.966710	-0.246137	2308.757371
44.802505	-0.422121	3841.798742
42.648633	-1.722077	1240.866288
41.090988	-0.537520	1969.251943
43.824945	-5.642492	94.886273
43.289590	-4.259771	1066.143761
43.090601	-5.323600	205.289149
43.358196	-2.184855	2037.720648
44.614265	-6.183756	30.395380
44.053324	-1.330642	1435.767340
42.584997	-0.542314	1714.388027
42.914969	-2.461871	1777.454436
40.574694	-2.218031	547.507351
41.029129	-3.054248	721.697485
40.921605	-3.750601	834.160635
42.055005	-2.780067	1145.817150
41.077316	-4.086759	807.645595
41.465237	-3.602794	992.740050
41.713673	-3.385655	1148.479088
42.024263	-3.466114	1354.847807
42.221723	-3.800893	1321.717280
42.563677	-3.182176	1863.117433
42.087928	-4.230501	837.400353
42.375520	-4.651117	529.359817
44.582575	-2.701623	5912.389580
44.245797	-7.536758	5.961772
43.831481	-3.819250	2078.608411
46.683703	-6.403279	12.838002
44.024702	-4.638749	509.545313
42.851781	-3.832936	1665.478611
43.242381	-3.193981	2882.033666
43.973298	-3.324017	3527.700114
44.423348	-3.195090	4091.534430
43.734053	-2.470199	3633.888758
44.130848	-4.150718	1116.737218
44.908695	-1.670967	6087.554206
46.677083	-7.666667	0.263258
44.723962	-3.560416	2164.146683
43.713975	-7.750074	5.283375
44.202450	-6.363983	23.898770
45.502657	-7.816735	3.349264
44.097108	-6.811833	13.158733
44.310432	-5.418347	122.558181
43.662446	-6.909490	11.109729
44.625572	-7.786684	4.937396
45.555618	-7.112392	4.786304
44.389436	-7.086961	8.907934
45.815524	-3.891471	652.867281
44.846411	-6.935388	9.511708
45.142929	-7.201920	5.816112
45.065729	-7.603419	4.501818
46.105583	-5.073197	114.024756
44.965899	-6.480033	17.107259
44.686045	-5.705590	68.304131
45.474713	-6.333109	17.525195
45.581878	-5.797127	43.726874
45.111093	-2.603260	6280.340238
45.403381	-3.035574	2695.823700
44.760576	-4.765704	326.113883
44.573279	-4.020811	1181.112524
45.148451	-5.004603	203.262304
45.420639	-3.893684	874.629083
44.846353	-4.334803	601.193328
45.175477	-3.499263	1813.018730
45.144844	-5.465884	85.057708
45.242199	-4.268829	545.476257
46.482024	-5.871346	35.546032
45.448284	-4.690211	298.334226
46.044149	-3.545779	822.933001
46.502457	-3.717542	570.515519
44.381355	-4.939743	275.820843
43.521103	-5.337681	200.989428
44.375155	-1.782758	3689.966007
45.767914	-6.698937	7.303028
45.280991	-2.087285	8040.846569
46.496062	-4.181534	347.907723
44.218933	-2.297440	4780.896069
46.135813	-2.253957	1983.384676
46.567051	-5.010678	112.082913
45.788362	-1.935029	6740.627195
44.443074	-0.187913	3556.172443
46.197032	-0.276265	3640.205339
45.577296	-0.510473	3006.022797
45.914627	-1.367181	7653.865371
46.443390	-1.186597	2139.705103
44.105021	-0.465052	1965.388114
46.042563	-4.272513	377.116619
46.593814	-2.911465	848.152676
45.853764	-4.696108	235.057797
46.768730	-4.542611	196.889439
46.020556	-5.600531	56.157532
46.775126	-3.411952	664.943967
46.798321	-5.468067	62.880543
46.818688	-2.499512	765.101449
45.877168	-3.084302	1481.261271
46.575463	-2.076511	913.980433
46.154164	-2.755578	1347.889686
44.272243	-0.892847	1704.070528
46.756775	-1.576999	654.368904
45.156306	-0.234208	1341.004006
44.724934	-0.849916	2753.116590
45.538116	-1.024390	10193.135617
46.686615	-0.609598	609.716379
42.246917	-6.221663	34.300863
41.709349	-7.718300	4.027624
42.617801	-7.781740	3.702710
42.770481	-6.954592	8.150501
41.186530	-1.070849	2013.190364
42.170900	-7.500041	4.218100
42.212038	-0.296177	1949.147429
41.832413	-0.524194	1067.325622
42.986329	-1.150443	1394.345447
43.724448	-0.277139	2530.003363
43.363032	-0.523276	1933.606129
43.338275	-0.974937	1401.161786
42.629374	-0.994959	1656.630380
42.386986	-1.361121	1470.348310
42.982887	-1.561438	1255.943368
46.329928	-7.363824	1.347719
45.801335	-7.513892	2.695362
46.336547	-6.767103	4.847221
