35.216220	-0.516351	968.304069
23.635782	-3.159273	4008.757649
3.906356	-4.625194	480.801942
15.751855	-7.100720	35.014855
0.820499	-4.316766	27.286726
9.545038	-1.329375	3019.627001
9.068539	-2.507094	3197.407226
40.988189	-1.983579	682.664817
29.903079	-2.208237	2149.777353
4.705627	-4.860507	659.094749
4.948120	-7.048297	212.372608
4.335467	-4.519673	749.128600
2.068274	-5.657132	16.199081
6.651881	-5.362644	338.016006
6.284333	-7.398759	67.961942
2.162253	-2.271516	2113.197571
4.514702	-6.118589	236.715475
5.682362	-6.940771	157.557810
5.458316	-5.448105	403.378330
8.471716	-7.132625	2.417441
5.647577	-6.123224	241.300530
6.397701	-6.875958	88.144966
4.299297	-6.544255	177.548143
5.456679	-4.688062	896.827431
5.073977	-5.557625	353.758773
5.720230	-5.750612	303.956988
3.576298	-5.879917	117.409793
5.799991	-7.434898	130.576892
4.966308	-6.047125	274.566122
4.551046	-7.785950	216.744429
4.698518	-5.294144	396.033577
4.998979	-4.114878	1328.821701
5.277993	-6.310217	241.145365
6.224506	-4.721828	814.801036
3.743726	-5.096644	245.648883
5.279444	-6.768219	206.606702
6.008436	-6.669519	139.228995
6.253093	-5.384605	384.910287
6.354715	-4.058197	1421.383301
4.516106	-6.968292	194.356537
5.453961	-7.748451	184.045647
10.040178	-7.154674	3.311024
6.071392	-4.399061	1143.595342
2.337333	-4.712145	91.693878
4.315307	-5.631660	265.517994
6.885763	-5.748169	193.273835
5.005008	-7.534401	214.865014
4.239660	-7.454396	172.332752
6.224082	-3.748792	2013.442084
5.081703	-4.592462	932.048941
4.388238	-3.599899	1918.383361
4.559807	-4.039519	1292.699755
5.625243	-5.062401	598.430689
5.627572	-4.020225	1671.432408
5.326744	-3.497340	2175.092000
3.307252	-5.180077	155.491403
6.051487	-5.048190	578.852578
5.729810	-4.351083	1217.928879
6.088763	-5.701324	286.179747
6.819109	-4.980423	506.314113
7.489480	-5.272326	255.534480
5.271717	-3.879620	1739.037196
6.593339	-4.676022	791.838280
5.338124	-2.735933	1964.983796
5.838521	-3.758797	2019.412878
5.689429	-3.448021	2263.647603
6.247108	-6.045261	197.424236
6.645319	-6.114068	140.671191
6.642224	-3.067707	2534.456294
5.116963	-3.173008	2259.409069
3.708551	-1.148911	1125.587290
4.681701	-3.165891	2229.494119
5.975102	-6.309974	188.573902
6.762579	-6.585220	71.821336
7.916226	-5.222156	232.928039
7.395674	-4.515910	774.942418
3.946670	-3.512237	1893.292977
3.032531	-4.884678	162.643207
7.556589	-2.782260	2528.631629
7.369629	-1.364196	2763.739185
6.299209	-3.346071	2435.256108
5.904602	-3.158832	2363.772730
6.044679	-2.336348	1923.292166
5.763078	-2.771076	2113.940079
6.529218	-2.445740	2223.424114
4.989592	-1.635092	1381.481471
0.509160	-5.863273	1.460990
2.257563	-3.644874	437.791088
7.552300	-6.422762	32.094866
7.971347	-2.966069	2485.548923
3.608476	-3.798883	1194.921383
2.819999	-4.138401	367.310182
7.705230	-1.853626	2601.792794
0.449604	-0.727268	1134.003362
0.510741	-2.207932	144.619332
1.736428	-3.476994	269.391638
3.126653	-4.430448	329.088427
1.936663	-4.817269	46.746272
0.473044	-4.136204	27.813179
3.783143	-3.015328	2320.937467
1.834205	-4.098658	124.906890
2.838093	-5.800184	44.905682
3.108964	-2.721166	2681.525915
6.884096	-1.524069	2542.780154
5.152386	-2.372704	1514.048664
2.542496	-2.288951	2575.280361
4.162630	-1.314461	1413.649950
4.037072	-2.644417	2095.027215
3.229012	-3.510389	1335.244728
2.173441	-7.356883	1.580872
2.514663	-3.072089	1224.234422
2.877886	-3.673856	746.481228
3.564004	-4.254398	579.793319
2.577661	-3.460570	761.121915
2.442844	-4.280455	196.516859
3.344743	-3.040872	2318.074425
1.352325	-4.533026	35.818455
3.903973	-2.162551	1568.129008
2.020427	-3.396485	479.045089
1.770761	-5.295077	18.879167
2.151732	-3.051250	894.894854
1.115498	-4.911181	17.359826
2.180633	-4.000215	221.524479
0.539375	-1.718262	219.992201
0.462525	-3.722646	52.061064
1.961060	-2.730375	1077.041608
1.627136	-3.823826	147.750578
5.786336	-1.848198	1626.231807
0.839437	-3.382675	89.322488
1.272630	-3.867234	95.391820
1.695745	-4.484022	59.280168
1.153939	-3.472869	131.246186
1.465613	-3.224316	271.307048
3.548075	-6.290945	86.291876
0.786054	-4.793200	16.541801
1.136278	-4.191071	45.139920
4.494063	-2.707317	1986.598450
0.204812	-1.393935	319.575744
1.473981	-1.992217	1110.286057
1.558940	-2.822933	548.735898
2.620367	-5.024320	83.836776
1.288609	-2.439698	520.485411
3.480077	-7.778262	57.250353
0.537561	-7.822020	0.010204
6.880245	-2.104884	2301.907840
7.112806	-3.218395	2424.861398
4.743586	-2.351205	1486.352598
0.345483	-2.983469	84.522663
4.246693	-1.801031	1227.037640
4.507354	-0.995916	2485.381149
3.198931	-2.284473	2254.280523
3.275527	-0.326249	1205.948391
4.449623	-0.504116	1553.922696
2.689492	-1.154154	750.072363
1.945506	-1.916593	1706.461470
1.341281	-1.514074	1016.281974
2.086051	-0.809962	604.707133
2.017884	-1.504365	1113.039279
1.656231	-1.232861	841.765644
0.244792	-0.333333	12774.993783
2.936281	-1.533327	1091.220098
1.719481	-0.874625	512.878213
3.659383	-0.594585	1125.537954
2.266603	-1.204353	718.694709
2.524545	-0.245869	1073.536317
1.559552	-0.498177	573.462383
1.849493	-0.187645	1757.807511
2.862572	-0.572118	1013.629829
2.170914	-0.433514	1063.754977
6.511231	-1.175063	2316.164696
5.253391	-0.891044	2644.309291
7.437034	-2.290716	2482.755145
7.528826	-0.954058	2769.268851
8.161520	-5.561961	115.874193
9.300530	-2.754815	3533.795768
6.205327	-0.261502	1244.506948
8.062153	-0.443317	1957.250850
5.830380	-0.453552	1076.329135
0.722395	-2.976831	110.419037
0.169304	-3.433198	62.699969
0.887653	-2.534627	192.364830
0.176178	-2.550271	97.371644
4.951694	-1.190793	2706.993938
5.679410	-0.916766	2029.654750
0.983809	-1.362127	824.132946
4.055731	-0.268336	1315.062254
1.178809	-0.310532	3667.398581
0.894038	-0.704467	1808.466398
5.500054	-0.192051	1152.605048
4.800142	-0.235780	1042.571812
5.974318	-1.333295	2099.178045
6.591269	-0.566483	1556.721530
6.995317	-0.304981	1244.296374
5.159570	-0.427830	2065.195098
3.215971	-5.628404	93.669114
3.929279	-5.543891	197.365434
2.517209	-5.491499	39.349856
1.990221	-6.106444	5.810496
0.250384	-6.430725	0.417911
3.845953	-6.596398	110.750092
3.658460	-7.012748	83.455096
2.353883	-6.485838	6.778878
2.752820	-6.345211	24.495019
1.231668	-6.265860	1.011067
2.165240	-6.860503	2.248082
1.293017	-5.339984	8.997833
1.708760	-7.490846	0.309232
1.639749	-6.338754	1.834197
0.972838	-6.643505	0.273824
1.034135	-5.805972	2.300828
1.146409	-7.002169	0.158505
0.516530	-6.751070	0.148762
0.204228	-7.488687	0.011160
1.732912	-6.764179	1.118037
0.894329	-7.265087	0.049267
8.401099	-2.832865	2733.952848
8.004266	-5.912843	60.544397
2.704234	-2.768650	2352.871410
3.514680	-2.032687	1587.671069
3.403321	-1.505616	1081.557892
2.821257	-2.013189	2060.412688
4.629315	-1.926784	1214.601474
0.258775	-5.432548	3.629473
5.318997	-1.919697	1349.358231
7.291458	-3.700168	1799.866690
7.989287	-3.418417	2100.993679
6.685741	-4.229717	1151.612542
8.827818	-4.501484	658.902812
7.230411	-4.926307	470.993805
7.076774	-4.123721	1227.551174
7.312060	-5.711967	149.283809
8.119761	-4.812631	420.552141
7.581554	-6.012679	66.196788
8.082918	-6.962676	5.841795
7.200630	-6.723061	29.724130
7.777205	-7.235451	5.891856
7.113034	-7.536835	11.348712
7.331120	-7.151876	12.085716
8.237371	-6.259635	29.085450
8.764614	-5.172934	239.863385
10.967292	-3.797723	2942.678630
6.604970	-7.712311	26.562331
7.988503	-6.578800	17.240656
7.508064	-7.824524	5.399869
7.892452	-7.620411	3.440468
9.531672	-7.787716	0.492118
9.222312	-7.144646	1.637611
8.491271	-7.580877	1.110087
8.773550	-7.784990	0.596261
8.217721	-7.795887	1.652745
9.138555	-7.572706	0.582290
8.837751	-6.908678	3.131293
9.653622	-6.494549	11.825875
11.634587	-7.488008	20.898638
8.884191	-6.510284	10.617212
10.846783	-4.857408	654.354019
10.111289	-6.232511	27.941821
9.638672	-6.929950	3.716392
9.223569	-5.900853	42.320238
10.016934	-7.584380	1.379777
10.523160	-6.486070	22.385617
11.291390	-6.748291	40.335628
9.001039	-3.359434	2726.031466
10.045081	-5.779435	84.440869
9.119926	-5.085053	305.186159
8.001100	-4.076429	1290.667537
9.118178	-3.813440	2075.250466
7.753180	-3.716381	1740.924354
8.622566	-3.264180	2543.359405
7.858277	-4.452404	764.786644
8.354343	-3.542092	2048.962750
8.768730	-4.110680	1312.307410
8.507175	-2.043545	2932.835146
8.525198	-4.806425	407.178306
8.383368	-3.934585	1538.285786
8.604470	-5.518945	110.117080
9.179481	-4.679300	517.543215
8.810567	-5.844411	48.128713
9.527282	-5.631475	93.439741
10.116823	-5.024526	424.257635
9.555341	-3.884810	2217.765287
8.600722	-6.234218	24.284980
9.283701	-6.310852	17.191498
9.747268	-4.266706	1384.843489
9.640070	-3.232828	3736.955657
10.427977	-4.684240	787.642126
8.746790	-1.044697	4440.861990
10.216713	-3.492923	3815.635819
9.790907	-3.548695	3323.317877
9.544632	-4.609524	671.456769
10.499492	-3.849782	2895.748172
9.751823	-4.970553	405.971306
10.265612	-4.287449	1534.967296
9.449865	-5.252407	226.803856
10.332664	-5.454340	232.113189
11.154689	-6.070597	103.355478
11.133243	-5.654061	229.725032
10.786683	-5.390377	331.991812
11.210379	-3.340892	3456.885121
12.308293	-5.689818	250.145973
11.745467	-3.425703	2417.829655
10.248259	-3.075115	4574.599781
9.287366	-3.114937	3430.487095
9.876467	-2.947258	4171.490884
9.803135	-2.364709	3521.764660
9.931030	-0.202091	5004.040837
7.716556	-0.200370	3524.044349
12.252864	-4.177460	1032.076135
11.337054	-2.466531	3861.104751
7.978065	-0.892023	2215.946780
7.368123	-0.505351	3161.973440
8.273754	-1.207278	3102.902774
9.068397	-1.383238	3254.375872
8.160117	-1.758743	2920.546383
8.423722	-0.242946	5772.779886
10.317280	-0.465077	5574.976987
9.749644	-1.723933	2998.958476
9.751572	-0.949979	3880.376223
11.023905	-2.906807	4521.749918
8.812671	-0.529072	5772.567865
3.102475	-6.584459	47.500471
2.555303	-7.655426	6.459405
3.035381	-7.433688	27.261693
0.961517	-7.611409	0.027111
0.470374	-7.142365	0.037807
1.423956	-7.789389	0.067388
1.498402	-7.049948	0.362096
0.179823	-4.513422	16.037770
0.438599	-4.945971	9.743154
10.932416	-6.385566	45.464818
11.259746	-7.093882	20.765456
15.126409	-5.909868	238.600019
11.960058	-6.698458	78.964825
11.331259	-4.168854	1834.783332
11.824286	-3.919152	1750.741880
11.719213	-4.969270	653.545645
14.059458	-4.505161	739.134850
12.036960	-3.065360	2020.314989
10.549347	-2.799328	4948.923283
12.209708	-4.752694	730.857483
13.711228	-4.130774	699.536809
11.815020	-2.540273	2718.615080
10.674622	-2.035564	4158.602450
12.776696	-3.929517	802.461582
13.935892	-2.534119	1938.140290
13.117992	-2.737136	1267.772817
14.736908	-5.137633	740.994041
12.696692	-2.705675	1450.677465
11.099679	-2.028508	3881.754775
12.443022	-0.531687	4988.697634
9.548204	-2.066908	3111.256465
12.269017	-0.941173	4446.713009
10.667499	-0.262987	7935.850770
10.437439	-2.366107	4346.559839
10.524037	-1.273494	4357.928384
10.403050	-1.686374	4007.869968
10.103869	-2.235838	3758.537147
10.082077	-1.818312	3435.286770
9.217620	-2.119733	3056.383050
9.704543	-2.665255	3815.649361
8.942419	-1.830621	3075.711138
8.601596	-2.496768	2956.176349
11.632820	-1.498666	2875.881943
11.166451	-0.896890	3369.573210
9.201448	-0.286125	6015.290993
10.238456	-0.926840	4837.754569
9.585604	-0.488216	5336.495849
11.643215	-5.446625	334.997961
11.065571	-0.476521	4112.072930
11.269342	-4.643737	986.681338
12.540901	-5.979800	204.975272
13.214510	-4.280947	656.619999
12.597355	-5.481398	319.796111
11.770678	-0.405899	4929.323816
12.474342	-6.294001	137.739653
13.124657	-4.850353	534.904360
12.643688	-5.074157	522.832242
13.518538	-5.124660	457.216066
13.572467	-5.627888	303.431274
13.956621	-4.929643	554.173487
12.814905	-6.633419	105.393071
12.402378	-1.372395	4698.201392
15.620825	-4.631313	2115.677173
15.651733	-5.197697	1270.766527
13.018555	-0.154419	3880.204394
12.893103	-7.466296	50.020232
13.227705	-5.909349	207.034557
11.252602	-1.637924	3462.263292
14.803546	-4.681820	1121.078320
14.092630	-5.715742	287.250732
13.688641	-3.241994	843.637309
14.576760	-2.570243	2003.455782
13.988741	-1.074870	7438.205198
3.835358	-7.446708	99.556778
3.191816	-6.999728	48.632976
11.967173	-5.736803	234.698797
10.886120	-7.612045	6.676733
14.530964	-6.743294	68.681079
12.829963	-5.771381	241.882616
11.853446	-6.102048	142.088335
12.128008	-6.369264	116.975806
11.550934	-6.228406	100.903074
11.603900	-6.610127	69.226950
12.051257	-7.456072	38.295183
12.173250	-7.014193	59.748659
14.148280	-6.505337	91.856105
12.681762	-7.024417	68.096011
13.408909	-7.682850	42.889837
12.484194	-7.783446	43.535678
13.279205	-6.457187	118.499859
11.413697	-0.213534	8868.838498
10.948532	-1.232100	3765.453328
12.132626	-2.177093	2586.139867
11.585364	-1.043389	2824.453589
11.841465	-0.815385	3536.202775
12.865014	-0.493741	3420.048261
12.022280	-1.701884	2963.974880
12.868854	-1.577617	4888.038031
12.106980	-0.192365	5761.701889
12.565699	-2.320605	2082.309103
12.921829	-2.050618	2782.818547
12.485558	-3.087249	1309.724371
13.278713	-2.343188	2053.589024
12.835020	-3.434828	890.561980
13.259570	-3.157087	864.212984
13.988092	-2.897035	1223.767797
13.508139	-0.154419	3299.606869
14.621669	-3.257045	1204.680414
14.615838	-0.477514	5660.157289
14.629307	-3.995996	1155.339784
13.901143	-3.679009	769.801869
14.301828	-5.273848	502.206866
14.471302	-4.393553	1005.072500
14.734518	-6.110891	151.313272
15.168408	-5.459296	658.390788
16.448544	-4.597418	3342.499840
15.876754	-2.726092	1960.373671
16.738917	-2.201228	2984.247285
15.014641	-2.429438	2433.840495
10.844612	-7.217920	10.634097
11.400857	-7.815381	11.597960
10.466999	-6.972832	9.052857
10.485262	-7.796664	2.594590
13.227646	-0.858357	4252.475903
13.876492	-1.839846	4949.918887
14.414885	-2.935257	1360.123700
14.300946	-2.346512	2513.355814
14.407377	-3.655839	1000.794192
15.313797	-1.202622	5727.298663
14.306717	-1.953687	4510.636840
13.643109	-2.261511	2533.707522
15.091017	-2.004607	5053.036841
14.472489	-0.972005	7636.115115
15.093789	-4.004765	1533.658959
15.344183	-3.631599	1713.750481
15.093993	-3.224036	1515.117073
16.090694	-3.159982	1935.618658
15.204138	-4.437099	1646.382623
15.325090	-2.761442	1868.414785
16.072530	-3.928723	2790.121623
15.789220	-3.602895	2121.769519
16.814631	-3.969481	3389.055612
16.528122	-3.285271	2040.463586
16.191704	-5.420863	1128.885573
13.814055	-0.370181	5457.645602
16.960239	-3.092031	1779.936141
16.152644	-2.285200	3410.369633
14.658906	-1.752587	5830.017064
15.490553	-1.687382	6039.567102
16.069112	-0.360263	4961.952482
14.782590	-1.285789	7300.316957
15.776251	-0.172405	4879.529417
15.044297	-0.261751	5296.483599
15.469255	-7.791022	18.874539
15.938777	-1.777496	5480.730221
15.541738	-0.845480	4228.570928
15.453670	-6.243836	136.590792
13.230729	-1.318647	6419.361224
16.034893	-4.376256	3057.669560
22.690425	-2.349966	2163.010587
19.619142	-2.221124	1177.958868
15.880355	-7.543886	20.531564
16.792333	-4.366742	3743.013651
14.259041	-0.215762	3343.014802
16.552768	-6.916030	43.393458
13.687104	-0.734797	5280.934789
13.730504	-1.473815	6897.789444
16.508478	-3.752624	2802.458233
17.214941	-3.842805	3056.831708
16.574447	-5.075641	2322.654750
18.770391	-0.188981	2461.474172
17.099075	-2.568728	1800.165015
16.859056	-1.635453	5390.684764
17.657366	-2.455590	1509.809297
16.371879	-1.384237	5274.853711
17.264275	-1.421202	5145.924164
16.449111	-0.187859	4286.456447
18.592393	-2.348868	1159.929437
17.822441	-0.868045	4042.464096
16.334872	-0.952435	3965.595917
17.113504	-0.528242	3912.802329
15.398673	-0.434156	4879.819073
15.967386	-0.771587	4095.369560
17.702501	-1.608136	5099.156134
16.681390	-0.541111	4039.849414
18.012763	-1.233241	5300.396396
18.619388	-1.624710	3929.329248
19.229936	-0.432078	3385.946591
17.370809	-0.174990	3798.072886
17.359008	-0.933653	3916.316824
17.082627	-4.522617	3632.249790
18.066521	-0.462635	3671.488434
19.677169	-4.437448	1872.754587
14.298966	-6.067437	158.142218
15.195656	-6.602024	80.546093
13.722088	-6.725506	76.800994
14.825924	-6.507871	93.003459
14.595217	-7.095320	40.424132
17.506347	-7.807046	11.514815
13.802462	-7.343617	44.386977
14.292907	-7.475473	32.878900
19.298387	-4.645351	1847.841737
15.309733	-6.967702	43.368105
14.566021	-7.814707	24.482603
19.069364	-1.663731	3683.124238
15.035276	-7.605729	23.277030
15.004254	-7.225575	32.962778
17.142095	-5.990966	257.521395
17.199926	-7.485041	16.671890
15.900746	-6.303664	134.626921
16.400683	-7.752864	17.263329
16.299730	-5.944766	318.059985
17.925629	-7.155918	18.251387
16.084855	-6.794870	56.547602
16.772998	-6.139633	191.085795
17.469440	-6.356566	143.837254
17.235116	-5.355212	1518.163836
20.109775	-6.978852	12.267461
17.130965	-4.806847	3013.239121
17.474837	-7.048578	25.588155
17.538369	-5.097121	2058.674278
19.731156	-7.573075	6.223910
17.851083	-6.210495	177.037528
18.300048	-6.901772	26.533925
18.644206	-3.901978	2311.450962
17.973635	-7.592381	10.784688
17.304167	-6.698057	64.841399
17.860392	-0.174990	4373.284794
18.105422	-3.810390	2561.615259
19.344102	-5.732005	299.671546
19.668072	-7.110942	10.695584
18.404788	-7.785334	7.649637
18.682148	-6.193925	122.652541
18.847912	-7.564871	7.744033
18.791177	-7.117771	14.986514
19.349374	-7.779536	5.696910
19.229554	-6.870304	20.253877
20.901255	-5.189467	478.556839
20.956382	-7.374688	7.697954
19.162160	-6.421338	65.361396
18.258413	-6.426891	82.620955
19.933625	-6.172915	87.662847
21.363222	-7.727242	6.142160
18.478560	-4.801402	2060.658127
21.807260	-7.500594	7.869214
19.905916	-5.405513	394.154177
19.493459	-6.126618	118.602453
20.256782	-7.793539	5.371967
17.849230	-3.351559	1722.909707
20.126133	-5.791926	187.499027
19.016072	-5.636704	442.074086
21.058779	-6.820494	17.325882
19.882032	-1.343722	4150.199171
21.235091	-5.464840	294.349190
20.192544	-5.099647	617.084551
22.732953	-5.383518	323.973041
20.443121	-4.389881	1763.307232
20.123437	-4.705137	1396.379099
18.967709	-5.276404	791.915432
22.593795	-7.421063	10.833030
21.204487	-5.873283	120.822052
21.465723	-4.841369	861.978272
19.549491	-2.664234	905.217763
19.528608	-3.548145	1463.524843
18.844575	-3.002364	913.895276
20.844329	-4.459780	1609.295355
19.777677	-3.954863	1894.761608
21.538177	-6.664363	23.566206
20.308154	-1.003599	3328.345360
19.792936	-3.041652	1070.604630
18.464176	-2.785938	908.373406
20.503340	-3.580055	1816.205586
21.168011	-2.815585	1503.341722
17.340906	-3.432708	2069.992043
18.993609	-3.478303	1455.279143
17.342011	-4.389061	3632.599306
18.079096	-4.770977	2473.281429
17.834185	-4.155243	3300.974664
18.810384	-4.434222	2357.375701
16.966575	-5.129194	2347.046156
17.544395	-4.598316	3340.119203
17.320110	-5.676894	592.000148
17.428301	-4.830257	2853.073186
17.798197	-5.789411	466.956239
18.685417	-5.803904	348.969528
17.870527	-5.134105	1753.725090
18.045361	-5.504713	883.015450
17.863031	-4.502051	3192.304951
17.452028	-4.106510	3514.687453
18.640334	-5.184956	1100.094047
18.415704	-5.525139	721.577132
19.564052	-5.391888	491.387913
19.293938	-5.103979	928.996405
16.841928	-6.619690	79.893651
16.740096	-7.430859	20.718375
18.662039	-0.893525	4190.583898
18.486937	-0.476625	2798.554639
19.160246	-0.848977	4663.980947
18.431945	-1.244731	5141.828751
19.380128	-1.239204	5027.414931
19.984031	-1.945424	1605.470914
19.553294	-0.243097	1698.774574
18.380341	-2.013701	2272.760429
18.968455	-2.340094	1058.759528
20.290144	-3.082990	1256.915620
20.894786	-1.740373	2002.467444
17.882637	-2.008616	2705.415629
20.042878	-0.243097	2551.428007
18.026853	-2.897745	1097.362357
20.220972	-6.562180	32.026202
20.495776	-7.440985	6.951581
21.943975	-5.410816	298.171048
22.358527	-6.106636	86.358093
20.709370	-6.470119	35.381096
23.564262	-6.210630	89.075702
22.518035	-6.542959	40.897195
21.590815	-6.164809	68.071389
22.996935	-7.447152	12.803197
21.879818	-6.991909	13.719741
23.184742	-6.709988	36.357376
23.302620	-5.962868	125.250150
22.701755	-5.840498	137.552772
22.256538	-7.773352	7.812842
22.343436	-6.912378	17.208399
24.977547	-6.618481	43.812419
25.838418	-6.503669	38.822778
22.344616	-5.130081	502.633960
21.989084	-5.930392	117.949559
24.477215	-6.027246	130.439427
21.730940	-3.940219	2343.994647
21.970871	-4.511996	1664.761940
21.640513	-4.559866	1481.517001
22.344061	-4.021846	2540.542176
21.467056	-4.185762	2018.838973
23.453246	-5.575619	234.420628
21.524962	-2.424011	1641.959303
21.105879	-4.105101	2025.729110
21.030716	-4.821944	904.582874
20.952810	-3.669821	2070.145243
20.255201	-3.945435	1951.354327
20.574761	-5.308982	391.828314
21.576310	-5.236791	425.693706
21.707365	-3.509720	2454.927681
21.290413	-3.319984	2079.373585
20.506548	-5.733535	188.810901
20.802439	-6.022462	92.162602
22.176624	-2.911020	2265.239971
20.617213	-2.668357	1296.068674
25.451665	-6.829129	28.364871
23.305512	-7.799441	11.789132
25.444174	-5.755062	183.886261
23.746937	-7.527649	13.914030
23.177103	-3.829596	3576.450843
20.365523	-0.482181	1612.722142
21.970716	-2.512642	1842.658531
20.480557	-2.126120	1520.919002
23.810322	-6.819671	34.924435
22.895943	-3.070542	3149.743916
22.324204	-2.139615	2034.495255
24.161634	-6.682161	44.875095
22.308138	-0.478110	1762.999137
22.268913	-1.636488	2779.542673
21.388393	-1.891036	2152.702294
21.778856	-1.476540	2595.754845
22.664660	-0.794431	2631.873493
21.614873	-0.208984	811.665558
22.678779	-1.280730	2844.737343
20.885145	-0.239084	1434.775196
20.824383	-1.219554	3232.779668
21.660616	-1.013444	2711.036060
24.564961	-6.929821	30.862486
21.203143	-0.448068	1407.831450
21.199750	-0.907121	2722.780030
21.908801	-0.554392	1751.253729
24.446673	-3.608826	4017.673210
24.191425	-7.728207	13.169448
24.177157	-6.227164	88.617877
24.626346	-7.448806	16.356082
25.097184	-5.818088	179.841528
25.153671	-7.720599	13.594955
25.566404	-7.412261	14.423464
25.781410	-6.022000	100.519271
23.608654	-3.644202	4200.363963
19.206379	-2.043949	1506.840810
19.136129	-2.694787	861.608594
22.312914	-4.703090	1265.422129
24.933964	-5.016662	623.211351
23.037971	-2.228368	2376.342069
26.050354	-4.220589	1615.554277
26.679978	-6.312905	31.820353
26.328660	-6.691555	21.172442
29.008889	-6.687309	2.479699
26.100233	-7.691662	9.482777
27.861451	-0.785827	3090.435379
26.475736	-7.296416	8.038937
26.140248	-5.726468	138.959014
27.272001	-7.734950	0.988634
27.456807	-6.048971	28.464557
25.995552	-5.315571	293.501568
24.152558	-4.992113	873.398405
26.548574	-5.829487	88.465526
25.590056	-5.322436	329.892937
27.907738	-6.252568	15.205144
31.599421	-5.857269	95.630110
25.357301	-4.933190	636.988363
24.819729	-5.468935	307.061314
23.684597	-2.335300	3081.780449
27.753435	-5.259106	147.338205
26.215463	-4.933321	511.462531
26.716481	-4.950231	414.719768
24.469323	-5.613945	247.003413
24.874279	-6.170903	101.583789
25.312676	-3.883059	3076.073195
24.800901	-3.964242	3346.290062
24.121396	-5.397428	366.157045
23.002939	-6.072862	95.154581
24.566843	-4.358210	2260.073965
23.031851	-4.325563	2308.786497
23.865194	-6.040088	119.827440
23.817325	-5.623653	219.671165
22.924410	-6.495396	51.144136
23.230072	-7.065677	20.689821
23.657157	-7.146174	21.019990
23.524913	-6.535216	47.852209
25.597687	-4.213592	1873.020056
23.654944	-1.946430	2798.055617
28.912424	-6.115037	16.225501
27.113081	-6.402949	17.574596
23.140693	-1.456075	2169.135683
24.468343	-3.172955	3928.364694
23.184762	-5.228633	468.089709
23.355469	-4.731342	1245.887868
23.284083	-2.909706	3401.107974
22.816090	-3.505503	3480.338132
23.988080	-3.862782	3812.937784
26.904896	-5.435499	149.650459
23.336804	-2.518990	2915.297103
22.601117	-2.801423	2451.112914
22.423494	-3.641241	3047.200696
22.591407	-4.382076	2051.670604
23.839578	-4.652284	1482.753052
26.062836	-3.210547	2418.476200
23.521793	-1.106627	1821.610754
24.036878	-2.941983	3973.124774
23.878179	-0.269553	1769.268956
23.236145	-1.866690	2336.866078
22.078853	-3.315876	2675.107335
22.022996	-4.126981	2239.245006
27.463317	-4.499384	737.168904
24.032973	-2.508726	3523.439807
26.034543	-2.692493	1965.565708
27.380026	-5.564939	87.168018
24.614720	-4.756357	1116.058324
24.365358	-1.820967	3383.825575
24.061615	-4.265347	2462.294508
26.972049	-4.559993	787.096081
24.434831	-2.236327	3387.585892
24.843328	-2.924042	3325.204382
22.993376	-0.132702	1185.556531
23.896147	-1.275308	2535.492313
24.813721	-2.420670	3051.961183
23.933846	-1.704496	2979.819355
24.297687	-1.043456	2739.780183
24.657381	-0.288900	1844.843028
24.617278	-1.411126	3391.844089
25.419157	-1.818873	2681.726580
23.500326	-0.585875	1241.892389
25.112405	-0.461650	2623.216959
25.512684	-3.391093	2956.051242
25.261790	-3.019128	2877.586341
26.788999	-4.142956	1383.680913
25.551782	-2.615529	2356.026292
28.577466	-3.204617	1631.624975
25.275532	-2.257304	2575.268430
26.000749	-1.260675	2945.247084
25.913357	-0.172749	2845.491295
25.069586	-1.370778	3221.998422
24.301186	-0.558454	1742.949940
26.438153	-0.635708	3216.366268
26.314028	-2.399725	1584.591251
25.895302	-1.697894	2316.193179
25.771442	-0.917180	3260.094423
29.929281	-3.833110	1747.868989
26.057007	-0.472526	2996.925742
27.981082	-2.510420	1399.810142
27.490351	-0.194482	3083.234688
27.001671	-7.339703	3.265152
27.287698	-6.824886	6.159373
29.507812	-6.922512	1.586676
27.804260	-6.736743	4.523103
28.150070	-7.800024	0.265206
29.065171	-7.748046	0.255731
28.544807	-7.064681	0.813314
30.312743	-7.341211	2.440095
28.043303	-7.051585	1.126855
29.487410	-7.499860	0.619080
30.760662	-7.346745	5.471666
31.189046	-5.963398	61.179122
30.831259	-5.703517	87.245914
30.765092	-5.275132	233.971363
31.078490	-7.757349	6.530104
30.010229	-6.763862	3.678427
31.563974	-7.491309	9.182519
29.984738	-7.751814	0.969433
32.867639	-6.609202	34.767440
31.956127	-6.667190	25.813964
31.072603	-6.814851	12.385436
31.973376	-6.184181	62.159628
33.309677	-6.800540	28.694128
31.552999	-6.959415	13.832882
32.430173	-6.913198	21.735083
32.730486	-5.092553	406.938093
31.985484	-7.733961	9.822031
31.531292	-3.798005	2897.265500
32.448555	-7.448074	12.966171
32.426095	-5.912683	99.154511
32.931821	-7.714113	12.662957
33.355477	-7.370575	16.753518
32.359474	-5.440492	210.943836
31.667250	-4.910533	557.828519
32.846312	-6.091697	75.493648
31.848311	-5.382096	229.486954
33.325439	-5.763472	130.430729
33.276234	-5.236519	322.489324
33.721655	-6.500633	46.092685
34.552439	-4.489322	690.273103
33.687272	-4.855258	575.187779
32.881811	-3.662947	1612.768011
32.067413	-4.466941	1144.535660
31.132608	-4.846295	580.416521
33.758745	-5.981070	93.603847
35.676750	-1.190972	1575.160545
32.619486	-4.590565	893.491812
33.565624	-4.298029	920.974867
34.261633	-4.920055	519.437722
33.929986	-3.997808	797.876993
36.560279	-5.622949	308.143701
40.736238	-0.309504	719.220865
30.514953	-5.955955	45.012292
30.171014	-6.402698	15.532094
33.043586	-4.177302	1236.008674
31.971476	-3.995233	2228.305293
31.618378	-3.255252	3378.830489
31.133524	-3.967051	2305.965510
31.232818	-2.503107	2346.211833
30.946237	-4.398353	1221.852590
33.266337	-3.189242	948.690793
30.740403	-3.691801	2585.824853
33.001539	-2.675615	885.576528
29.674488	-1.455550	2594.420463
30.366475	-3.944101	1833.588934
28.575759	-5.024530	200.633787
32.116871	-3.146517	2600.910001
27.983266	-3.804384	1251.107440
30.752021	-3.254440	3245.187726
30.464114	-4.368657	1155.758256
32.361774	-3.604502	2361.568063
32.960879	-1.704665	765.049540
33.991048	-1.529618	1015.994764
30.940637	-6.414582	26.964460
28.450083	-2.453935	1570.700719
34.137015	-2.894473	373.383649
32.937380	-0.857743	2010.544789
30.120081	-6.021527	39.130250
28.631782	-2.037134	1793.700102
27.147968	-0.958813	3289.268821
31.232228	-2.986936	3392.321967
29.832378	-3.339912	2295.068986
26.983039	-1.322388	2431.849413
30.281190	-3.013542	2821.315058
29.383425	-3.197445	1980.707172
28.921068	-3.973598	1135.296820
30.114845	-4.694560	599.629838
30.229452	-5.153093	236.253855
29.256272	-4.217070	871.084545
28.242062	-5.433730	95.572810
29.900748	-5.647050	85.301165
30.565886	-6.337126	26.583122
29.094778	-1.966246	2110.021360
28.098938	-3.327449	1502.184007
27.721700	-2.172358	1323.650840
28.420540	-4.161455	891.868059
28.962322	-3.493694	1604.365285
27.770670	-2.962063	1478.163638
27.151931	-3.799715	1514.855743
28.298957	-4.615890	417.848888
29.344198	-4.653964	500.521751
27.546807	-3.982736	1195.932242
26.955834	-3.362000	1812.412930
26.411885	-3.465879	2141.420521
26.361034	-4.000241	1824.310830
27.778192	-4.775466	369.478423
28.319584	-5.943161	28.456722
29.352799	-5.614599	64.974597
29.093657	-5.033522	192.178331
29.745403	-4.562081	696.390216
29.657477	-4.125187	1051.464370
25.557127	-4.609450	1090.906916
26.009794	-4.616447	1000.234674
23.105106	-0.449024	2401.741993
22.503793	-0.132702	999.551824
25.423774	-0.172749	3614.634406
25.316423	-0.906304	3215.262482
26.388109	-1.151952	2876.695552
27.575486	-1.040491	2952.612210
26.810611	-1.999414	1465.435025
27.607287	-1.464813	1917.252779
28.558538	-0.427698	3033.391496
28.568670	-1.211638	2926.579728
26.642797	-1.410233	2379.862877
27.893153	-1.735941	1571.640472
26.570550	-1.776980	1775.019632
27.231521	-1.605261	1808.384744
26.210414	-1.955919	1808.199518
27.131342	-1.915539	1429.835351
26.710635	-2.401406	1389.154845
27.214581	-2.965245	1532.333039
27.335653	-2.211508	1286.357799
27.038947	-2.552752	1330.706314
26.857770	-0.530414	3870.812794
28.334235	-1.657203	1975.582949
28.718199	-2.782746	1685.581385
29.215768	-2.749040	1894.930185
30.307346	-2.499172	2341.378726
29.410648	-2.349342	2006.200812
29.025803	-1.207803	3252.183866
29.254363	-1.582480	2629.485345
28.237621	-0.173735	3551.855026
31.553652	-0.603973	2076.720076
29.726476	-0.214199	3922.009450
30.007333	-1.698212	2146.525979
29.320295	-0.881935	3268.971160
30.435285	-0.195958	3255.165377
29.313018	-0.468161	3017.856621
29.721278	-1.041110	2876.482627
30.503870	-1.418117	1932.750929
30.778766	-2.256241	2027.828260
30.746924	-0.544503	2391.987198
30.039911	-0.823294	2806.023390
31.372496	-1.589785	1252.246057
30.052386	-0.410157	2668.511161
30.489657	-0.957640	2452.060336
27.000767	-0.194482	3215.431244
27.821722	-0.368218	2773.509934
28.961541	-0.253963	2463.525810
28.353475	-0.845307	3407.700775
31.610239	-2.144543	1552.127636
30.871036	-1.685210	1499.022894
32.116307	-2.197020	1298.452959
31.155389	-0.348544	3045.775657
32.372111	-2.691334	1509.606058
33.275017	-2.168763	529.378122
31.660860	-1.164984	1510.138529
32.431598	-1.717203	1006.128367
34.461411	-0.452845	1069.002714
33.051874	-0.434259	2046.920197
32.213894	-1.239924	1352.199597
31.976388	-0.255429	2243.564743
34.417211	-1.254551	1395.704756
33.858957	-2.044059	430.463820
32.686891	-0.186078	1231.252064
35.068854	-2.644234	265.546098
37.088054	-1.748583	1063.573582
33.645707	-1.169794	1336.869137
33.199478	-1.220137	1392.063177
33.850685	-0.800762	1331.634109
34.996078	-1.863104	678.356117
34.133134	-0.179440	1211.120137
32.350780	-0.441507	1491.647735
33.411857	-0.248180	1159.613391
32.481078	-0.864992	1839.591385
36.592547	-2.371018	441.348084
35.253456	-1.023419	1548.326053
33.763741	-0.427620	1235.805598
34.843902	-0.273405	924.378438
34.303564	-0.825987	1298.690772
36.745216	-0.491735	895.685893
36.358920	-0.237499	632.819922
34.857087	-1.388478	1414.576912
35.824024	-1.678753	1249.667668
34.744760	-2.268643	322.853617
34.342440	-4.124304	718.564515
35.622318	-0.242945	857.588392
34.232345	-2.408194	298.687430
35.557735	-2.462353	305.318126
36.273037	-1.658896	1335.643452
37.160177	-1.294802	1643.250631
33.763111	-3.228202	604.048539
35.996862	-0.480445	929.463001
34.521475	-3.165353	360.703741
35.539721	-1.985826	656.392214
36.741883	-0.978946	1321.589806
36.176075	-3.590412	378.051783
35.876570	-2.753321	260.165450
36.014058	-0.921403	1348.427304
36.372782	-1.165669	1467.645060
36.570015	-1.925955	931.723734
37.105046	-0.254236	871.491077
33.963031	-3.610078	636.841363
34.400745	-3.522204	515.776368
35.965471	-4.482779	737.762867
37.649629	-3.299706	394.984958
35.728326	-3.343945	301.879449
37.515975	-0.503943	790.370288
36.952309	-3.212043	339.710731
35.281534	-3.463407	340.825196
35.354256	-5.205676	399.895255
37.557649	-4.921828	655.007035
37.574439	-1.057298	1682.026352
38.893957	-1.980408	539.011210
37.864053	-0.249708	260.433059
36.330102	-2.702001	289.796671
37.326970	-2.097452	582.149807
27.797071	-7.534974	0.557383
28.621491	-7.548070	0.301108
34.727817	-7.299735	22.433462
34.731931	-6.692433	43.979113
34.589387	-3.800752	591.363980
34.940898	-3.054664	291.294552
35.076212	-4.328657	692.219019
35.050753	-3.852643	531.571742
35.282513	-6.187051	109.693511
36.575311	-6.904348	57.430010
40.434609	-2.631402	469.362618
38.334734	-0.497460	3679.297566
37.998772	-1.249582	2021.148659
38.902972	-0.247752	607.581411
38.653887	-2.357892	411.725639
39.279720	-2.017969	479.454220
38.291473	-2.352556	424.998612
39.440530	-0.516504	886.743160
39.280046	-1.037621	956.156644
38.410989	-0.943980	2874.601744
38.818743	-1.215389	1342.466394
37.990645	-3.356237	436.870828
40.006677	-2.691174	428.321579
39.663368	-1.318749	954.980885
39.949016	-0.268752	1133.850025
39.844297	-3.043542	482.632440
40.916048	-1.443078	1392.588683
40.169465	-1.107136	1136.536926
40.294629	-0.578256	878.165324
41.351890	-2.216921	646.935166
39.430026	-2.406630	399.774975
40.450551	-1.438630	1202.896467
38.607442	-3.070946	404.590737
39.444274	-3.096034	462.504047
35.779714	-5.504123	312.602809
34.050488	-7.792318	15.195833
34.196013	-5.788577	138.418729
34.551358	-7.044522	28.735916
34.446153	-5.342180	275.770151
34.528829	-6.091909	103.552905
34.941888	-5.441537	261.116108
34.086383	-6.663002	39.861896
35.153806	-6.610664	55.571916
35.292433	-7.633539	20.753148
39.256536	-5.792874	178.655859
34.933178	-5.913958	144.118759
35.716681	-6.013077	163.077561
36.521633	-7.411228	35.731186
36.218363	-5.329518	413.585073
35.396873	-6.956426	37.498527
36.968727	-5.483399	373.208056
36.751697	-4.740435	720.340220
35.451414	-4.624103	677.265726
36.105545	-6.269941	123.502531
37.135884	-6.105079	166.689554
36.873239	-6.677553	84.602877
39.774825	-4.129794	787.635273
37.825779	-5.331215	420.512653
37.071545	-5.040656	601.369324
39.409592	-4.410386	789.667976
37.230081	-4.009417	732.160040
37.681232	-4.388844	845.672844
36.268801	-4.044564	656.089314
38.159023	-4.192411	843.783553
38.236416	-3.689160	593.275298
36.306963	-4.889747	650.686890
36.786650	-4.242180	763.788752
38.661442	-3.494880	542.313990
38.100974	-2.676192	375.439292
39.365428	-3.503542	605.921794
39.235041	-2.769203	377.347734
39.024517	-4.214300	830.628141
39.996655	-4.910899	494.179663
39.009624	-3.705926	672.329379
40.389466	-3.445907	667.013565
38.598942	-4.506505	838.454142
39.745555	-3.731324	695.759220
40.144638	-4.401684	729.251001
36.127648	-6.703725	65.483710
38.290887	-5.396053	370.845349
39.186644	-5.235799	410.790603
40.023555	-3.427656	621.321325
40.638140	-3.002021	584.242679
38.650948	-5.042183	538.030059
39.519712	-4.896207	577.118847
40.276568	-1.896907	658.018163
39.599331	-1.753533	602.356072
43.647644	-3.003309	3529.957690
40.481140	-4.234371	747.341185
39.801639	-2.381093	418.612070
39.931445	-2.000197	526.971066
39.580171	-7.796400	11.965698
40.842933	-4.415039	633.281303
38.680611	-1.633611	873.789306
38.844666	-2.758026	368.862612
38.165184	-1.665849	971.222832
37.757944	-2.613672	379.925487
38.016116	-2.007311	574.947506
37.674358	-2.177416	488.332742
37.542118	-2.875397	350.912970
38.226164	-2.994448	386.097941
37.174476	-2.818061	341.867903
37.276204	-3.540158	450.203721
37.042913	-2.476371	420.131041
36.558302	-3.201337	309.807843
41.346729	-2.749435	704.227624
40.575513	-3.783597	774.300017
33.828311	-7.448780	17.272463
34.545876	-7.639866	17.339007
34.456288	-6.446771	55.761543
34.147239	-7.041114	26.174186
34.901638	-7.847547	17.476364
36.886383	-7.711188	30.354131
38.171570	-7.448257	27.243346
35.151457	-7.293408	25.172070
36.510494	-6.054418	173.761441
35.765795	-7.785992	23.066681
38.404406	-5.876502	187.734913
38.834360	-6.079707	131.626159
38.062483	-6.208566	131.759862
38.934338	-7.796400	13.928417
39.006455	-6.928856	31.279452
41.481804	-4.842817	359.138287
37.426576	-6.333645	130.751438
38.733537	-6.555727	65.642540
37.359575	-7.491881	31.991096
38.223328	-6.614444	72.057616
38.674383	-7.463965	20.807017
40.491333	-6.025726	77.169705
41.301477	-5.974862	54.769792
37.993432	-6.971865	43.986167
39.556695	-6.900439	25.269033
40.779107	-7.731862	5.903599
39.870457	-7.435548	13.110001
37.504354	-7.015489	47.102418
40.364960	-6.459895	38.359339
37.785692	-7.780693	26.652983
40.239377	-5.263925	245.322160
41.416146	-4.011509	778.043788
41.739211	-5.190439	183.165442
41.126546	-3.465138	810.963833
41.005834	-4.856080	380.733914
41.657733	-4.326524	617.720390
40.881219	-5.772690	95.962825
41.300956	-7.450162	4.851780
43.353420	-4.602598	484.207869
42.252797	-3.092783	1299.764611
35.818931	-6.996596	41.280067
37.287256	-6.708040	79.586884
36.046878	-7.486031	30.763902
37.718433	-6.122087	167.007282
36.830525	-6.261407	135.391467
37.595248	-5.725186	266.753206
37.224300	-5.758541	259.095419
39.699121	-5.980048	101.360312
40.756204	-5.253168	212.251249
40.641862	-6.813039	17.034694
41.355310	-7.028853	9.300105
40.106626	-5.720136	124.425283
39.832895	-6.482757	45.764271
40.423559	-7.371009	9.907671
42.972612	-7.429601	3.682847
42.291686	-7.025032	5.438949
41.051764	-6.752582	14.505947
41.631871	-6.704142	12.712938
41.328325	-6.427871	21.127184
43.422952	-7.397934	4.647369
43.449237	-6.455598	14.405221
42.582357	-3.657987	1460.023670
41.683163	-1.057522	1970.907596
42.202734	-5.094763	199.770170
43.788743	-6.109962	28.195345
41.683955	-5.688347	82.935511
42.801840	-5.615707	77.998757
43.007612	-6.469033	12.944482
42.754514	-6.110693	29.313230
42.381022	-5.475039	96.755116
43.189919	-3.613219	1901.363140
43.649937	-4.812542	338.394600
42.754192	-4.576016	532.463538
45.039556	-1.175920	6895.058590
41.799083	-1.979215	835.409826
42.021219	-6.650443	11.421483
42.081078	-5.852185	59.259772
43.016933	-4.861561	354.813504
43.453365	-3.917779	1549.382256
42.567476	-2.172156	1143.880454
41.948568	-1.441805	1355.208153
42.885562	-2.937887	2077.817846
41.479750	-0.228017	1188.004442
42.156345	-2.348611	923.629118
43.344957	-1.734502	1349.005531
41.692583	-2.943187	897.465167
42.912725	-4.200596	903.369420
43.616554	-1.354508	1310.716963
42.966710	-0.246137	2158.606792
44.802505	-0.422121	3418.068634
42.648633	-1.722077	1183.881976
41.090988	-0.537520	1851.758651
43.824945	-5.642492	80.220293
43.289590	-4.259771	906.926105
43.090601	-5.323600	166.465345
43.358196	-2.184855	2038.058359
44.614265	-6.183756	26.403332
44.053324	-1.330642	1663.003857
42.584997	-0.542314	1721.302470
42.914969	-2.461871	1676.113645
40.574694	-2.218031	548.637656
41.029129	-3.054248	681.839981
40.921605	-3.750601	801.641603
42.055005	-2.780067	1016.866867
41.077316	-4.086759	759.466819
41.465237	-3.602794	900.902174
41.713673	-3.385655	1023.188145
42.024263	-3.466114	1190.909243
42.221723	-3.800893	1141.628179
42.563677	-3.182176	1656.528713
42.087928	-4.230501	709.975748
42.375520	-4.651117	435.396511
44.582575	-2.701623	5877.144142
44.245797	-7.536758	4.785940
43.831481	-3.819250	1889.005522
46.683703	-6.403279	11.829108
44.024702	-4.638749	456.670101
42.851781	-3.832936	1440.864583
43.242381	-3.193981	2646.172363
43.973298	-3.324017	3313.918012
44.423348	-3.195090	3965.493466
43.734053	-2.470199	3666.709981
44.130848	-4.150718	1033.727995
44.908695	-1.670967	6664.412138
46.677083	-7.666667	0.122896
44.723962	-3.560416	2167.333179
43.713975	-7.750074	4.103373
44.202450	-6.363983	19.836400
45.502657	-7.816735	2.727846
44.097108	-6.811833	10.626510
44.310432	-5.418347	108.848314
43.662446	-6.909490	8.656963
44.625572	-7.786684	4.032467
45.555618	-7.112392	3.974148
44.389436	-7.086961	7.283472
45.815524	-3.891471	773.177568
44.846411	-6.935388	8.023153
45.142929	-7.201920	4.863554
45.065729	-7.603419	3.715403
46.105583	-5.073197	123.052675
44.965899	-6.480033	14.904963
44.686045	-5.705590	61.699422
45.474713	-6.333109	15.742341
45.581878	-5.797127	41.817331
45.111093	-2.603260	6302.659986
45.403381	-3.035574	2923.999106
44.760576	-4.765704	316.614156
44.573279	-4.020811	1151.203510
45.148451	-5.004603	202.156120
45.420639	-3.893684	965.954218
44.846353	-4.334803	602.170636
45.175477	-3.499263	1930.083266
45.144844	-5.465884	81.036333
45.242199	-4.268829	576.422590
46.482024	-5.871346	35.489953
45.448284	-4.690211	314.886249
46.044149	-3.545779	1025.840551
46.502457	-3.717542	756.714587
44.381355	-4.939743	253.290030
43.521103	-5.337681	167.720779
44.375155	-1.782758	4190.202202
45.767914	-6.698937	6.268981
45.280991	-2.087285	8003.389477
46.496062	-4.181534	430.824984
44.218933	-2.297440	5016.695555
46.135813	-2.253957	2285.096261
46.567051	-5.010678	124.118104
45.788362	-1.935029	6649.266947
44.443074	-0.187913	3262.421070
46.197032	-0.276265	3543.005906
45.577296	-0.510473	3108.990103
45.914627	-1.367181	7105.451098
46.443390	-1.186597	1889.485282
44.105021	-0.465052	1930.299295
46.042563	-4.272513	445.928916
46.593814	-2.911465	1177.004335
45.853764	-4.696108	261.090450
46.768730	-4.542611	232.755536
46.020556	-5.600531	56.853938
46.775126	-3.411952	945.069501
46.798321	-5.468067	66.338368
46.818688	-2.499512	1043.268215
45.877168	-3.084302	1788.669958
46.575463	-2.076511	1096.418558
46.154164	-2.755578	1697.731488
44.272243	-0.892847	1869.908823
46.756775	-1.576999	671.972967
45.156306	-0.234208	1215.334009
44.724934	-0.849916	2896.036673
45.538116	-1.024390	10396.171810
46.686615	-0.609598	503.589593
42.246917	-6.221663	26.384934
41.709349	-7.718300	3.002023
42.617801	-7.781740	2.646483
42.770481	-6.954592	5.975281
41.186530	-1.070849	2134.462470
42.170900	-7.500041	3.050303
42.212038	-0.296177	1647.476028
41.832413	-0.524194	1215.370364
42.986329	-1.150443	1421.539258
43.724448	-0.277139	2382.231551
43.363032	-0.523276	1920.618762
43.338275	-0.974937	1470.652005
42.629374	-0.994959	1636.848267
42.386986	-1.361121	1424.335459
42.982887	-1.561438	1248.790904
46.329928	-7.363824	0.920725
45.801335	-7.513892	2.107771
46.336547	-6.767103	4.014621
